-2.0 0.009512777275094439
-1.979899497487437 0.009667891067290837
-1.9597989949748744 0.00982491057427854
-1.9396984924623115 0.00998381724770083
-1.9195979899497488 0.010144589890665936
-1.899497487437186 0.010307204612682174
-1.879396984924623 0.010471634787354044
-1.8592964824120604 0.010637851012785478
-1.8391959798994975 0.010805821074619061
-1.8190954773869348 0.01097550991163113
-1.7989949748743719 0.011146879583808156
-1.778894472361809 0.011319889242854179
-1.7587939698492463 0.011494495105128746
-1.7386934673366834 0.011670650427092626
-1.7185929648241205 0.011848305483448169
-1.6984924623115578 0.012027407548300149
-1.678391959798995 0.012207900879832596
-1.6582914572864322 0.01238972670918841
-1.6381909547738693 0.012572823234448116
-1.6180904522613064 0.01275712562081922
-1.5979899497487438 0.012942566008359229
-1.5778894472361809 0.013129073528747901
-1.5577889447236182 0.013316574332787885
-1.5376884422110553 0.013504991630430603
-1.5175879396984924 0.013694245745185865
-1.4974874371859297 0.013884254184767375
-1.4773869346733668 0.014074931729744111
-1.4572864321608041 0.014266190541801898
-1.4371859296482412 0.014457940292971521
-1.4170854271356783 0.01465008831684601
-1.3969849246231156 0.014842539782398816
-1.3768844221105527 0.015035197890532741
-1.35678391959799 0.01522796409294917
-1.3366834170854272 0.015420738332342136
-1.3165829145728642 0.015613419302310578
-1.2964824120603016 0.015805904724761528
-1.2763819095477387 0.015998091641969074
-1.256281407035176 0.016189876719876935
-1.236180904522613 0.016381156558708934
-1.2160804020100502 0.016571828006498618
-1.1959798994974875 0.016761788470785632
-1.1758793969849246 0.016950936223468147
-1.1557788944723617 0.017139170693658248
-1.135678391959799 0.01732639274337233
-1.1155778894472361 0.017512504921006963
-1.0954773869346734 0.017697411687802315
-1.0753768844221105 0.017881019612880345
-1.0552763819095476 0.018063237532956154
-1.035175879396985 0.018243976673448417
-1.015075376884422 0.01842315072844416
-0.9949748743718593 0.01860067589778735
-0.9748743718592965 0.018776470880440085
-0.9547738693467337 0.018950456824185745
-0.9346733668341709 0.019122557232682826
-0.914572864321608 0.01929269783181141
-0.8944723618090452 0.019460806398155023
-0.8743718592964824 0.019626812553309905
-0.8542713567839196 0.019790647528484463
-0.8341708542713567 0.019952243904529085
-0.8140703517587939 0.020111535333102795
-0.7939698492462312 0.020268456245126087
-0.7738693467336684 0.020422941552979013
-0.7537688442211056 0.020574926353078494
-0.7336683417085427 0.020724345635502513
-0.7135678391959799 0.020871134007229602
-0.6934673366834171 0.02101522543533011
-0.6733668341708543 0.021156553016092663
-0.6532663316582915 0.02129504877560535
-0.6331658291457286 0.021430643506745693
-0.6130653266331658 0.02156326664688571
-0.592964824120603 0.021692846199895133
-0.5728643216080402 0.02181930870525022
-0.5527638190954773 0.021942579256234676
-0.5326633165829145 0.022062581568374116
-0.5125628140703518 0.022179238098387014
-0.49246231155778897 0.02229247021307705
-0.4723618090452261 0.022402198406752363
-0.45226130653266333 0.022508342564941476
-0.4321608040201005 0.022610822271404908
-0.4120603015075377 0.022709557154718455
-0.39195979899497485 0.022804467270047157
-0.37185929648241206 0.022895473511141965
-0.35175879396984927 0.022982498047085475
-0.3316582914572864 0.023065464777896214
-0.31155778894472363 0.02314429980277688
-0.2914572864321608 0.023218931894566076
-0.271356783919598 0.02328929297382845
-0.25125628140703515 0.023355318575994648
-0.23115577889447236 0.023416948305038626
-0.21105527638190955 0.02347412626735613
-0.19095477386934673 0.023526801479776562
-0.1708542713567839 0.023574928245998068
-0.1507537688442211 0.023618466496176115
-0.1306532663316583 0.023657382084909685
-0.11055276381909548 0.02369164704345003
-0.09045226130653267 0.023721239782596076
-0.07035175879396985 0.023746145243426033
-0.05025125628140704 0.023766354993743213
-0.03015075376884422 0.0237818672688678
-0.010050251256281407 0.023792686956184295
0.010050251256281407 0.023798825523640682
0.03015075376884422 0.023800300893182743
0.05025125628140704 0.023797137260885684
0.07035175879396985 0.023789364866303835
0.09045226130653267 0.02377701971428816
0.11055276381909548 0.023760143253208358
0.1306532663316583 0.023738782014153154
0.1507537688442211 0.02371298721625345
0.1708542713567839 0.023682814343771463
0.19095477386934673 0.02364832270101055
0.21105527638190955 0.02360957495141518
0.23115577889447236 0.023566636647440187
0.25125628140703515 0.023519575757861677
0.271356783919598 0.023468462199175803
0.2914572864321608 0.023413367377577113
0.31155778894472363 0.02335436374772861
0.3316582914572864 0.023291524394128422
0.35175879396984927 0.023224922640351014
0.37185929648241206 0.023154631690802487
0.39195979899497485 0.023080724308891597
0.4120603015075377 0.0230032725346989
0.4321608040201005 0.022922347444345535
0.45226130653266333 0.0228380189523412
0.4723618090452261 0.022750355657257134
0.49246231155778897 0.0226594247301451
0.5125628140703518 0.022565291844238198
0.5326633165829145 0.022468021143646037
0.5527638190954773 0.02236767524801957
0.5728643216080402 0.022264315289530504
0.592964824120603 0.02215800097800404
0.6130653266331658 0.022048790689670424
0.6331658291457286 0.021936741574774356
0.6532663316582915 0.021821909679198403
0.6733668341708543 0.021704350075318755
0.6934673366834171 0.021584116997510075
0.7135678391959799 0.021461263978041635
0.7336683417085427 0.021335843979541805
0.7537688442211056 0.02120790952073513
0.7738693467336684 0.021077512792757068
0.7939698492462312 0.020944705763998962
0.8140703517587939 0.02080954027211002
0.8341708542713567 0.020672068102460937
0.8542713567839196 0.020532341053027002
0.8743718592964824 0.020390410986262285
0.8944723618090452 0.020246329869084728
0.914572864321608 0.020100149802560856
0.9346733668341709 0.019951923043252627
0.9547738693467337 0.01980170201845719
0.9748743718592965 0.01964953933772629
0.9949748743718593 0.019495487803092622
1.015075376884422 0.019339600420358607
1.035175879396985 0.019181930413622462
1.0552763819095476 0.019022531244939085
1.0753768844221105 0.018861456640651867
1.0954773869346734 0.018698760625501493
1.1155778894472361 0.018534497565140265
1.135678391959799 0.018368722217174255
1.1557788944723617 0.0182014897903424
1.1758793969849246 0.01803285601094311
1.1959798994974875 0.017862877195153833
1.2160804020100502 0.017691610325477603
1.236180904522613 0.017519113129204695
1.256281407035176 0.017345444156513252
1.2763819095477387 0.017170662855654887
1.2964824120603016 0.01699482964258679
1.3165829145728642 0.016818005962419166
1.3366834170854272 0.016640254340145325
1.35678391959799 0.016461638418299993
1.3768844221105527 0.016282222979446606
1.3969849246231156 0.016102073951707374
1.4170854271356783 0.015921258395914174
1.4371859296482412 0.015739844473354258
1.4572864321608041 0.015557901393504088
1.4773869346733668 0.015375499341567834
1.4974874371859297 0.01519270938605846
1.5175879396984924 0.015009603367063099
1.5376884422110553 0.01482625376621512
1.5577889447236182 0.014642733559745097
1.5778894472361809 0.01445911605629581
1.5979899497487438 0.014275474721461361
1.6180904522613064 0.014091882991243199
1.6381909547738693 0.013908414076806421
1.6582914572864322 0.013725140763068844
1.678391959798995 0.013542135203761045
1.6984924623115578 0.01335946871566039
1.7185929648241205 0.013177211574725418
1.7386934673366834 0.012995432816838248
1.7587939698492463 0.012814200045804603
1.778894472361809 0.012633579251159297
1.7989949748743719 0.01245363463818551
1.8190954773869348 0.012274428472373453
1.8391959798994975 0.01209602094032433
1.8592964824120604 0.011918470028846561
1.879396984924623 0.011741831423699636
1.899497487437186 0.011566158429116713
1.9195979899497488 0.01139150190888894
1.9396984924623115 0.011217910249426222
1.9597989949748744 0.01104542934482803
1.979899497487437 0.010874102603614249
2.0 0.0107039709763844
