-2.100000  -0.000145  0.000157 
-2.095900  -0.000147  0.000160 
-2.091800  -0.000149  0.000163 
-2.087700  -0.000151  0.000166 
-2.083600  -0.000153  0.000169 
-2.079500  -0.000156  0.000172 
-2.075400  -0.000158  0.000176 
-2.071300  -0.000160  0.000179 
-2.067200  -0.000162  0.000182 
-2.063100  -0.000165  0.000186 
-2.059000  -0.000167  0.000190 
-2.054900  -0.000169  0.000193 
-2.050800  -0.000172  0.000197 
-2.046700  -0.000174  0.000201 
-2.042600  -0.000177  0.000205 
-2.038500  -0.000180  0.000209 
-2.034400  -0.000182  0.000213 
-2.030300  -0.000185  0.000218 
-2.026200  -0.000188  0.000222 
-2.022100  -0.000190  0.000226 
-2.018000  -0.000193  0.000231 
-2.013900  -0.000196  0.000236 
-2.009800  -0.000199  0.000241 
-2.005700  -0.000202  0.000246 
-2.001600  -0.000205  0.000251 
-1.997500  -0.000208  0.000256 
-1.993400  -0.000211  0.000261 
-1.989300  -0.000215  0.000267 
-1.985200  -0.000218  0.000272 
-1.981100  -0.000221  0.000278 
-1.977000  -0.000224  0.000284 
-1.972900  -0.000228  0.000290 
-1.968800  -0.000231  0.000296 
-1.964700  -0.000235  0.000303 
-1.960600  -0.000239  0.000309 
-1.956500  -0.000242  0.000316 
-1.952400  -0.000246  0.000323 
-1.948300  -0.000250  0.000330 
-1.944200  -0.000254  0.000337 
-1.940100  -0.000258  0.000345 
-1.936000  -0.000262  0.000352 
-1.931900  -0.000266  0.000360 
-1.927800  -0.000270  0.000368 
-1.923700  -0.000275  0.000377 
-1.919600  -0.000279  0.000385 
-1.915500  -0.000284  0.000394 
-1.911400  -0.000288  0.000403 
-1.907300  -0.000293  0.000412 
-1.903200  -0.000298  0.000422 
-1.899100  -0.000303  0.000431 
-1.895000  -0.000307  0.000441 
-1.890900  -0.000312  0.000452 
-1.886800  -0.000318  0.000462 
-1.882700  -0.000323  0.000473 
-1.878600  -0.000328  0.000485 
-1.874500  -0.000334  0.000496 
-1.870400  -0.000339  0.000508 
-1.866300  -0.000345  0.000520 
-1.862200  -0.000351  0.000533 
-1.858100  -0.000357  0.000546 
-1.854000  -0.000363  0.000559 
-1.849900  -0.000369  0.000573 
-1.845800  -0.000375  0.000587 
-1.841700  -0.000382  0.000602 
-1.837600  -0.000388  0.000617 
-1.833500  -0.000395  0.000632 
-1.829400  -0.000402  0.000648 
-1.825300  -0.000409  0.000665 
-1.821200  -0.000416  0.000682 
-1.817100  -0.000423  0.000699 
-1.813000  -0.000430  0.000718 
-1.808900  -0.000438  0.000736 
-1.804800  -0.000446  0.000755 
-1.800700  -0.000454  0.000775 
-1.796600  -0.000462  0.000796 
-1.792500  -0.000470  0.000817 
-1.788400  -0.000478  0.000839 
-1.784300  -0.000487  0.000861 
-1.780200  -0.000496  0.000885 
-1.776100  -0.000505  0.000909 
-1.772000  -0.000514  0.000934 
-1.767900  -0.000523  0.000959 
-1.763800  -0.000533  0.000986 
-1.759700  -0.000543  0.001013 
-1.755600  -0.000553  0.001042 
-1.751500  -0.000563  0.001071 
-1.747400  -0.000574  0.001102 
-1.743300  -0.000584  0.001133 
-1.739200  -0.000595  0.001166 
-1.735100  -0.000607  0.001200 
-1.731000  -0.000618  0.001235 
-1.726900  -0.000630  0.001271 
-1.722800  -0.000642  0.001308 
-1.718700  -0.000654  0.001347 
-1.714600  -0.000667  0.001388 
-1.710500  -0.000680  0.001429 
-1.706400  -0.000693  0.001473 
-1.702300  -0.000707  0.001518 
-1.698200  -0.000721  0.001564 
-1.694100  -0.000735  0.001613 
-1.690000  -0.000749  0.001663 
-1.685900  -0.000764  0.001715 
-1.681800  -0.000779  0.001770 
-1.677700  -0.000795  0.001826 
-1.673600  -0.000811  0.001885 
-1.669500  -0.000827  0.001946 
-1.665400  -0.000844  0.002009 
-1.661300  -0.000862  0.002075 
-1.657200  -0.000879  0.002144 
-1.653100  -0.000897  0.002216 
-1.649000  -0.000916  0.002290 
-1.644900  -0.000935  0.002368 
-1.640800  -0.000954  0.002449 
-1.636700  -0.000975  0.002534 
-1.632600  -0.000995  0.002622 
-1.628500  -0.001016  0.002714 
-1.624400  -0.001038  0.002810 
-1.620300  -0.001060  0.002910 
-1.616200  -0.001083  0.003015 
-1.612100  -0.001106  0.003124 
-1.608000  -0.001130  0.003238 
-1.603900  -0.001155  0.003358 
-1.599800  -0.001180  0.003484 
-1.595700  -0.001206  0.003615 
-1.591600  -0.001233  0.003752 
-1.587500  -0.001260  0.003896 
-1.583400  -0.001289  0.004047 
-1.579300  -0.001318  0.004206 
-1.575200  -0.001347  0.004372 
-1.571100  -0.001378  0.004547 
-1.567000  -0.001409  0.004731 
-1.562900  -0.001442  0.004924 
-1.558800  -0.001475  0.005127 
-1.554700  -0.001509  0.005341 
-1.550600  -0.001545  0.005566 
-1.546500  -0.001581  0.005804 
-1.542400  -0.001618  0.006055 
-1.538300  -0.001657  0.006319 
-1.534200  -0.001696  0.006599 
-1.530100  -0.001737  0.006894 
-1.526000  -0.001779  0.007207 
-1.521900  -0.001822  0.007538 
-1.517800  -0.001867  0.007888 
-1.513700  -0.001912  0.008260 
-1.509600  -0.001960  0.008655 
-1.505500  -0.002008  0.009075 
-1.501400  -0.002059  0.009521 
-1.497300  -0.002110  0.009996 
-1.493200  -0.002164  0.010503 
-1.489100  -0.002219  0.011043 
-1.485000  -0.002276  0.011621 
-1.480900  -0.002334  0.012238 
-1.476800  -0.002395  0.012900 
-1.472700  -0.002458  0.013609 
-1.468600  -0.002522  0.014371 
-1.464500  -0.002589  0.015191 
-1.460400  -0.002658  0.016074 
-1.456300  -0.002729  0.017026 
-1.452200  -0.002803  0.018056 
-1.448100  -0.002879  0.019172 
-1.444000  -0.002958  0.020383 
-1.439900  -0.003039  0.021699 
-1.435800  -0.003123  0.023135 
-1.431700  -0.003210  0.024703 
-1.427600  -0.003301  0.026422 
-1.423500  -0.003394  0.028311 
-1.419400  -0.003491  0.030393 
-1.415300  -0.003591  0.032696 
-1.411200  -0.003695  0.035252 
-1.407100  -0.003803  0.038101 
-1.403000  -0.003915  0.041290 
-1.398900  -0.004030  0.044878 
-1.394800  -0.004151  0.048936 
-1.390700  -0.004275  0.053554 
-1.386600  -0.004405  0.058845 
-1.382500  -0.004539  0.064955 
-1.378400  -0.004679  0.072072 
-1.374300  -0.004824  0.080448 
-1.370200  -0.004975  0.090425 
-1.366100  -0.005132  0.102477 
-1.362000  -0.005295  0.117286 
-1.357900  -0.005465  0.135862 
-1.353800  -0.005641  0.159776 
-1.349700  -0.005825  0.191607 
-1.345600  -0.006017  0.235902 
-1.341500  -0.006217  0.301495 
-1.337400  -0.006425  0.408122 
-1.333300  -0.006642  0.610734 
-1.329200  -0.006869  1.141231 
-1.325100  -0.007105  6.062149 
-1.321000  -0.007352  -2.006604 
-1.316900  -0.007610  -0.896450 
-1.312800  -0.007879  -0.592315 
-1.308700  -0.008161  -0.450768 
-1.304600  -0.008456  -0.369326 
-1.300500  -0.008764  -0.316700 
-1.296400  -0.009087  -0.280126 
-1.292300  -0.009425  -0.253420 
-1.288200  -0.009780  -0.233227 
-1.284100  -0.010152  -0.217567 
-1.280000  -0.010542  -0.205198 
-1.275900  -0.010951  -0.195302 
-1.271800  -0.011382  -0.187319 
-1.267700  -0.011834  -0.180855 
-1.263600  -0.012309  -0.175621 
-1.259500  -0.012809  -0.171406 
-1.255400  -0.013336  -0.168050 
-1.251300  -0.013891  -0.165431 
-1.247200  -0.014476  -0.163454 
-1.243100  -0.015094  -0.162045 
-1.239000  -0.015745  -0.161147 
-1.234900  -0.016434  -0.160716 
-1.230800  -0.017161  -0.160716 
-1.226700  -0.017931  -0.161122 
-1.222600  -0.018747  -0.161912 
-1.218500  -0.019611  -0.163072 
-1.214400  -0.020527  -0.164594 
-1.210300  -0.021500  -0.166471 
-1.206200  -0.022533  -0.168702 
-1.202100  -0.023632  -0.171290 
-1.198000  -0.024801  -0.174238 
-1.193900  -0.026047  -0.177557 
-1.189800  -0.027375  -0.181256 
-1.185700  -0.028794  -0.185352 
-1.181600  -0.030309  -0.189861 
-1.177500  -0.031930  -0.194805 
-1.173400  -0.033666  -0.200209 
-1.169300  -0.035527  -0.206100 
-1.165200  -0.037525  -0.212512 
-1.161100  -0.039672  -0.219480 
-1.157000  -0.041982  -0.227047 
-1.152900  -0.044471  -0.235259 
-1.148800  -0.047156  -0.244169 
-1.144700  -0.050058  -0.253836 
-1.140600  -0.053197  -0.264327 
-1.136500  -0.056598  -0.275717 
-1.132400  -0.060288  -0.288090 
-1.128300  -0.064298  -0.301541 
-1.124200  -0.068664  -0.316177 
-1.120100  -0.073423  -0.332116 
-1.116000  -0.078620  -0.349495 
-1.111900  -0.084305  -0.368466 
-1.107800  -0.090534  -0.389201 
-1.103700  -0.097371  -0.411892 
-1.099600  -0.104889  -0.436759 
-1.095500  -0.113168  -0.464048 
-1.091400  -0.122301  -0.494035 
-1.087300  -0.132394  -0.527031 
-1.083200  -0.143564  -0.563385 
-1.079100  -0.155943  -0.603485 
-1.075000  -0.169679  -0.647761 
-1.070900  -0.184938  -0.696688 
-1.066800  -0.201901  -0.750777 
-1.062700  -0.220762  -0.810577 
-1.058600  -0.241731  -0.876656 
-1.054500  -0.265022  -0.949584 
-1.050400  -0.290844  -1.029898 
-1.046300  -0.319389  -1.118046 
-1.042200  -0.350805  -1.214318 
-1.038100  -0.385164  -1.318740 
-1.034000  -0.422419  -1.430941 
-1.029900  -0.462348  -1.549986 
-1.025800  -0.504490  -1.674194 
-1.021700  -0.548081  -1.800965 
-1.017600  -0.592004  -1.926652 
-1.013500  -0.634771  -2.046563 
-1.009400  -0.674579  -2.155155 
-1.005300  -0.709428  -2.246466 
-1.001200  -0.737342  -2.314802 
-0.997100  -0.756638  -2.355550 
-0.993000  -0.766188  -2.365945 
-0.988900  -0.765610  -2.345562 
-0.984800  -0.755315  -2.296372 
-0.980700  -0.736409  -2.222349 
-0.976600  -0.710481  -2.128767 
-0.972500  -0.679341  -2.021391 
-0.968400  -0.644789  -1.905771 
-0.964300  -0.608438  -1.786750 
-0.960200  -0.571621  -1.668219 
-0.956100  -0.535357  -1.553071 
-0.952000  -0.500376  -1.443281 
-0.947900  -0.467154  -1.340063 
-0.943800  -0.435965  -1.244039 
-0.939700  -0.406936  -1.155397 
-0.935600  -0.380085  -1.074026 
-0.931500  -0.355357  -0.999621 
-0.927400  -0.332652  -0.931766 
-0.923300  -0.311846  -0.869983 
-0.919200  -0.292799  -0.813775 
-0.915100  -0.275369  -0.762652 
-0.911000  -0.259417  -0.716144 
-0.906900  -0.244812  -0.673810 
-0.902800  -0.231429  -0.635244 
-0.898700  -0.219153  -0.600076 
-0.894600  -0.207880  -0.567970 
-0.890500  -0.197514  -0.538625 
-0.886400  -0.187970  -0.511769 
-0.882300  -0.179171  -0.487160 
-0.878200  -0.171046  -0.464582 
-0.874100  -0.163533  -0.443841 
-0.870000  -0.156576  -0.424765 
-0.865900  -0.150124  -0.407199 
-0.861800  -0.144133  -0.391008 
-0.857700  -0.138562  -0.376066 
-0.853600  -0.133374  -0.362266 
-0.849500  -0.128536  -0.349509 
-0.845400  -0.124021  -0.337706 
-0.841300  -0.119799  -0.326778 
-0.837200  -0.115849  -0.316655 
-0.833100  -0.112148  -0.307273 
-0.829000  -0.108676  -0.298573 
-0.824900  -0.105416  -0.290504 
-0.820800  -0.102353  -0.283018 
-0.816700  -0.099470  -0.276073 
-0.812600  -0.096755  -0.269628 
-0.808500  -0.094197  -0.263650 
-0.804400  -0.091783  -0.258104 
-0.800300  -0.089504  -0.252962 
-0.796200  -0.087351  -0.248195 
-0.792100  -0.085315  -0.243777 
-0.788000  -0.083389  -0.239686 
-0.783900  -0.081565  -0.235898 
-0.779800  -0.079837  -0.232393 
-0.775700  -0.078200  -0.229150 
-0.771600  -0.076646  -0.226152 
-0.767500  -0.075173  -0.223378 
-0.763400  -0.073774  -0.220813 
-0.759300  -0.072445  -0.218439 
-0.755200  -0.071183  -0.216239 
-0.751100  -0.069984  -0.214197 
-0.747000  -0.068844  -0.212297 
-0.742900  -0.067760  -0.210523 
-0.738800  -0.066730  -0.208858 
-0.734700  -0.065750  -0.207288 
-0.730600  -0.064817  -0.205797 
-0.726500  -0.063931  -0.204370 
-0.722400  -0.063087  -0.202991 
-0.718300  -0.062285  -0.201647 
-0.714200  -0.061523  -0.200322 
-0.710100  -0.060797  -0.199003 
-0.706000  -0.060108  -0.197678 
-0.701900  -0.059453  -0.196336 
-0.697800  -0.058831  -0.194964 
-0.693700  -0.058241  -0.193555 
-0.689600  -0.057681  -0.192100 
-0.685500  -0.057149  -0.190592 
-0.681400  -0.056646  -0.189028 
-0.677300  -0.056170  -0.187403 
-0.673200  -0.055719  -0.185717 
-0.669100  -0.055294  -0.183969 
-0.665000  -0.054893  -0.182161 
-0.660900  -0.054515  -0.180297 
-0.656800  -0.054159  -0.178381 
-0.652700  -0.053826  -0.176420 
-0.648600  -0.053514  -0.174418 
-0.644500  -0.053222  -0.172385 
-0.640400  -0.052951  -0.170329 
-0.636300  -0.052699  -0.168257 
-0.632200  -0.052467  -0.166178 
-0.628100  -0.052252  -0.164101 
-0.624000  -0.052057  -0.162034 
-0.619900  -0.051878  -0.159985 
-0.615800  -0.051718  -0.157962 
-0.611700  -0.051574  -0.155971 
-0.607600  -0.051447  -0.154020 
-0.603500  -0.051337  -0.152114 
-0.599400  -0.051243  -0.150258 
-0.595300  -0.051165  -0.148458 
-0.591200  -0.051103  -0.146716 
-0.587100  -0.051056  -0.145037 
-0.583000  -0.051025  -0.143422 
-0.578900  -0.051009  -0.141876 
-0.574800  -0.051008  -0.140399 
-0.570700  -0.051023  -0.138992 
-0.566600  -0.051052  -0.137657 
-0.562500  -0.051096  -0.136394 
-0.558400  -0.051155  -0.135204 
-0.554300  -0.051229  -0.134086 
-0.550200  -0.051318  -0.133041 
-0.546100  -0.051422  -0.132068 
-0.542000  -0.051541  -0.131167 
-0.537900  -0.051674  -0.130336 
-0.533800  -0.051823  -0.129576 
-0.529700  -0.051987  -0.128886 
-0.525600  -0.052165  -0.128264 
-0.521500  -0.052360  -0.127711 
-0.517400  -0.052569  -0.127224 
-0.513300  -0.052794  -0.126804 
-0.509200  -0.053035  -0.126450 
-0.505100  -0.053292  -0.126160 
-0.501000  -0.053565  -0.125934 
-0.496900  -0.053855  -0.125772 
-0.492800  -0.054161  -0.125672 
-0.488700  -0.054484  -0.125635 
-0.484600  -0.054824  -0.125659 
-0.480500  -0.055182  -0.125745 
-0.476400  -0.055557  -0.125892 
-0.472300  -0.055951  -0.126099 
-0.468200  -0.056364  -0.126367 
-0.464100  -0.056795  -0.126696 
-0.460000  -0.057247  -0.127085 
-0.455900  -0.057718  -0.127535 
-0.451800  -0.058209  -0.128046 
-0.447700  -0.058721  -0.128617 
-0.443600  -0.059255  -0.129250 
-0.439500  -0.059812  -0.129946 
-0.435400  -0.060390  -0.130703 
-0.431300  -0.060993  -0.131524 
-0.427200  -0.061619  -0.132409 
-0.423100  -0.062270  -0.133359 
-0.419000  -0.062947  -0.134375 
-0.414900  -0.063650  -0.135458 
-0.410800  -0.064380  -0.136609 
-0.406700  -0.065139  -0.137830 
-0.402600  -0.065926  -0.139122 
-0.398500  -0.066744  -0.140487 
-0.394400  -0.067593  -0.141927 
-0.390300  -0.068474  -0.143443 
-0.386200  -0.069389  -0.145038 
-0.382100  -0.070339  -0.146713 
-0.378000  -0.071325  -0.148472 
-0.373900  -0.072348  -0.150316 
-0.369800  -0.073410  -0.152249 
-0.365700  -0.074513  -0.154274 
-0.361600  -0.075658  -0.156392 
-0.357500  -0.076847  -0.158609 
-0.353400  -0.078082  -0.160927 
-0.349300  -0.079365  -0.163350 
-0.345200  -0.080698  -0.165883 
-0.341100  -0.082082  -0.168529 
-0.337000  -0.083521  -0.171293 
-0.332900  -0.085017  -0.174180 
-0.328800  -0.086573  -0.177196 
-0.324700  -0.088190  -0.180346 
-0.320600  -0.089873  -0.183635 
-0.316500  -0.091625  -0.187071 
-0.312400  -0.093448  -0.190659 
-0.308300  -0.095347  -0.194408 
-0.304200  -0.097324  -0.198325 
-0.300100  -0.099385  -0.202418 
-0.296000  -0.101533  -0.206696 
-0.291900  -0.103774  -0.211168 
-0.287800  -0.106111  -0.215844 
-0.283700  -0.108551  -0.220736 
-0.279600  -0.111099  -0.225855 
-0.275500  -0.113761  -0.231212 
-0.271400  -0.116543  -0.236823 
-0.267300  -0.119452  -0.242699 
-0.263200  -0.122497  -0.248858 
-0.259100  -0.125684  -0.255315 
-0.255000  -0.129022  -0.262088 
-0.250900  -0.132521  -0.269197 
-0.246800  -0.136191  -0.276661 
-0.242700  -0.140042  -0.284504 
-0.238600  -0.144086  -0.292748 
-0.234500  -0.148335  -0.301420 
-0.230400  -0.152803  -0.310549 
-0.226300  -0.157506  -0.320164 
-0.222200  -0.162457  -0.330298 
-0.218100  -0.167676  -0.340988 
-0.214000  -0.173181  -0.352272 
-0.209900  -0.178992  -0.364193 
-0.205800  -0.185131  -0.376796 
-0.201700  -0.191623  -0.390134 
-0.197600  -0.198494  -0.404260 
-0.193500  -0.205774  -0.419235 
-0.189400  -0.213495  -0.435125 
-0.185300  -0.221690  -0.452003 
-0.181200  -0.230399  -0.469949 
-0.177100  -0.239663  -0.489051 
-0.173000  -0.249530  -0.509404 
-0.168900  -0.260049  -0.531117 
-0.164800  -0.271279  -0.554306 
-0.160700  -0.283281  -0.579104 
-0.156600  -0.296125  -0.605654 
-0.152500  -0.309888  -0.634117 
-0.148400  -0.324656  -0.664674 
-0.144300  -0.340523  -0.697522 
-0.140200  -0.357596  -0.732885 
-0.136100  -0.375993  -0.771011 
-0.132000  -0.395848  -0.812179 
-0.127900  -0.417307  -0.856699 
-0.123800  -0.440538  -0.904922 
-0.119700  -0.465727  -0.957240 
-0.115600  -0.493082  -1.014094 
-0.111500  -0.522839  -1.075982 
-0.107400  -0.555261  -1.143460 
-0.103300  -0.590645  -1.217159 
-0.099200  -0.629323  -1.297785 
-0.095100  -0.671667  -1.386131 
-0.091000  -0.718095  -1.483087 
-0.086900  -0.769068  -1.589648 
-0.082800  -0.825102  -1.706917 
-0.078700  -0.886759  -1.836116 
-0.074600  -0.954655  -1.978576 
-0.070500  -1.029446  -2.135736 
-0.066400  -1.111821  -2.309112 
-0.062300  -1.202480  -2.500261 
-0.058200  -1.302096  -2.710704 
-0.054100  -1.411263  -2.941817 
-0.050000  -1.530417  -3.194662 
-0.045900  -1.659726  -3.469752 
-0.041800  -1.798938  -3.766722 
-0.037700  -1.947196  -4.083920 
-0.033600  -2.102818  -4.417907 
-0.029500  -2.263061  -4.762925 
-0.025400  -2.423926  -5.110426 
-0.021300  -2.580064  -5.448811 
-0.017200  -2.724869  -5.763607 
-0.013100  -2.850865  -6.038279 
-0.009000  -2.950413  -6.255798 
-0.004900  -3.016686  -6.400857 
-0.000800  -3.044736  -6.462313 
0.003300  -3.032369  -6.435213 
0.007400  -2.980560  -6.321759 
0.011500  -2.893265  -6.130873 
0.015600  -2.776703  -5.876519 
0.019700  -2.638320  -5.575344 
0.023800  -2.485760  -5.244303 
0.027900  -2.326028  -4.898811 
0.032000  -2.164993  -4.551641 
0.036100  -2.007176  -4.212519 
0.040200  -1.855790  -3.888244 
0.044300  -1.712906  -3.583097 
0.048400  -1.579674  -3.299364 
0.052500  -1.456557  -3.037859 
0.056600  -1.343532  -2.798367 
0.060700  -1.240254  -2.580009 
0.064800  -1.146177  -2.381507 
0.068900  -1.060652  -2.201380 
0.073000  -0.982984  -2.038076 
0.077100  -0.912478  -1.890055 
0.081200  -0.848461  -1.755846 
0.085300  -0.790303  -1.634073 
0.089400  -0.737419  -1.523471 
0.093500  -0.689275  -1.422890 
0.097600  -0.645389  -1.331296 
0.101700  -0.605327  -1.247757 
0.105800  -0.568699  -1.171444 
0.109900  -0.535158  -1.101617 
0.114000  -0.504395  -1.037617 
0.118100  -0.476132  -0.978861 
0.122200  -0.450124  -0.924828 
0.126300  -0.426152  -0.875056 
0.130400  -0.404023  -0.829135 
0.134500  -0.383560  -0.786698 
0.138600  -0.364611  -0.747420 
0.142700  -0.347036  -0.711010 
0.146800  -0.330711  -0.677208 
0.150900  -0.315527  -0.645782 
0.155000  -0.301382  -0.616524 
0.159100  -0.288189  -0.589248 
0.163200  -0.275867  -0.563784 
0.167300  -0.264344  -0.539984 
0.171400  -0.253554  -0.517709 
0.175500  -0.243439  -0.496839 
0.179600  -0.233945  -0.477261 
0.183700  -0.225025  -0.458875 
0.187800  -0.216634  -0.441590 
0.191900  -0.208733  -0.425323 
0.196000  -0.201285  -0.409999 
0.200100  -0.194258  -0.395549 
0.204200  -0.187621  -0.381911 
0.208300  -0.181347  -0.369027 
0.212400  -0.175411  -0.356846 
0.216500  -0.169789  -0.345318 
0.220600  -0.164461  -0.334402 
0.224700  -0.159407  -0.324055 
0.228800  -0.154610  -0.314241 
0.232900  -0.150052  -0.304927 
0.237000  -0.145719  -0.296080 
0.241100  -0.141596  -0.287672 
0.245200  -0.137671  -0.279676 
0.249300  -0.133932  -0.272066 
0.253400  -0.130368  -0.264822 
0.257500  -0.126968  -0.257920 
0.261600  -0.123723  -0.251341 
0.265700  -0.120624  -0.245068 
0.269800  -0.117663  -0.239083 
0.273900  -0.114832  -0.233371 
0.278000  -0.112124  -0.227916 
0.282100  -0.109532  -0.222706 
0.286200  -0.107051  -0.217727 
0.290300  -0.104674  -0.212968 
0.294400  -0.102397  -0.208417 
0.298500  -0.100213  -0.204065 
0.302600  -0.098118  -0.199901 
0.306700  -0.096109  -0.195916 
0.310800  -0.094180  -0.192103 
0.314900  -0.092328  -0.188453 
0.319000  -0.090549  -0.184958 
0.323100  -0.088839  -0.181612 
0.327200  -0.087196  -0.178409 
0.331300  -0.085617  -0.175342 
0.335400  -0.084098  -0.172405 
0.339500  -0.082637  -0.169593 
0.343600  -0.081232  -0.166901 
0.347700  -0.079879  -0.164325 
0.351800  -0.078577  -0.161860 
0.355900  -0.077324  -0.159501 
0.360000  -0.076117  -0.157245 
0.364100  -0.074955  -0.155089 
0.368200  -0.073836  -0.153028 
0.372300  -0.072758  -0.151060 
0.376400  -0.071720  -0.149181 
0.380500  -0.070719  -0.147390 
0.384600  -0.069756  -0.145682 
0.388700  -0.068827  -0.144056 
0.392800  -0.067933  -0.142510 
0.396900  -0.067072  -0.141040 
0.401000  -0.066242  -0.139646 
0.405100  -0.065442  -0.138326 
0.409200  -0.064673  -0.137077 
0.413300  -0.063931  -0.135899 
0.417400  -0.063218  -0.134790 
0.421500  -0.062531  -0.133748 
0.425600  -0.061870  -0.132772 
0.429700  -0.061234  -0.131862 
0.433800  -0.060623  -0.131016 
0.437900  -0.060035  -0.130234 
0.442000  -0.059470  -0.129514 
0.446100  -0.058927  -0.128857 
0.450200  -0.058407  -0.128261 
0.454300  -0.057907  -0.127727 
0.458400  -0.057428  -0.127253 
0.462500  -0.056969  -0.126841 
0.466600  -0.056530  -0.126488 
0.470700  -0.056110  -0.126197 
0.474800  -0.055709  -0.125965 
0.478900  -0.055326  -0.125795 
0.483000  -0.054961  -0.125685 
0.487100  -0.054614  -0.125637 
0.491200  -0.054285  -0.125650 
0.495300  -0.053972  -0.125725 
0.499400  -0.053676  -0.125863 
0.503500  -0.053397  -0.126064 
0.507600  -0.053134  -0.126329 
0.511700  -0.052886  -0.126658 
0.515800  -0.052655  -0.127052 
0.519900  -0.052440  -0.127513 
0.524000  -0.052239  -0.128040 
0.528100  -0.052055  -0.128635 
0.532200  -0.051885  -0.129299 
0.536300  -0.051731  -0.130031 
0.540400  -0.051591  -0.130834 
0.544500  -0.051467  -0.131708 
0.548600  -0.051357  -0.132653 
0.552700  -0.051262  -0.133670 
0.556800  -0.051183  -0.134759 
0.560900  -0.051118  -0.135921 
0.565000  -0.051067  -0.137155 
0.569100  -0.051032  -0.138462 
0.573200  -0.051012  -0.139841 
0.577300  -0.051007  -0.141291 
0.581400  -0.051017  -0.142811 
0.585500  -0.051042  -0.144399 
0.589600  -0.051082  -0.146053 
0.593700  -0.051139  -0.147771 
0.597800  -0.051211  -0.149549 
0.601900  -0.051298  -0.151384 
0.606000  -0.051402  -0.153271 
0.610100  -0.051523  -0.155205 
0.614200  -0.051660  -0.157181 
0.618300  -0.051814  -0.159192 
0.622400  -0.051985  -0.161232 
0.626500  -0.052174  -0.163293 
0.630600  -0.052381  -0.165367 
0.634700  -0.052606  -0.167446 
0.638800  -0.052851  -0.169522 
0.642900  -0.053114  -0.171585 
0.647000  -0.053398  -0.173628 
0.651100  -0.053702  -0.175643 
0.655200  -0.054027  -0.177621 
0.659300  -0.054373  -0.179555 
0.663400  -0.054742  -0.181440 
0.667500  -0.055134  -0.183270 
0.671600  -0.055550  -0.185042 
0.675700  -0.055991  -0.186752 
0.679800  -0.056457  -0.188401 
0.683900  -0.056950  -0.189989 
0.688000  -0.057470  -0.191518 
0.692100  -0.058019  -0.192993 
0.696200  -0.058597  -0.194419 
0.700300  -0.059207  -0.195804 
0.704400  -0.059849  -0.197157 
0.708500  -0.060524  -0.198488 
0.712600  -0.061235  -0.199807 
0.716700  -0.061983  -0.201128 
0.720800  -0.062770  -0.202463 
0.724900  -0.063597  -0.203827 
0.729000  -0.064466  -0.205234 
0.733100  -0.065380  -0.206698 
0.737200  -0.066341  -0.208235 
0.741300  -0.067352  -0.209861 
0.745400  -0.068415  -0.211590 
0.749500  -0.069532  -0.213440 
0.753600  -0.070708  -0.215424 
0.757700  -0.071945  -0.217561 
0.761800  -0.073247  -0.219865 
0.765900  -0.074618  -0.222354 
0.770000  -0.076062  -0.225043 
0.774100  -0.077584  -0.227952 
0.778200  -0.079188  -0.231097 
0.782300  -0.080880  -0.234498 
0.786400  -0.082665  -0.238173 
0.790500  -0.084551  -0.242143 
0.794600  -0.086543  -0.246431 
0.798700  -0.088649  -0.251058 
0.802800  -0.090878  -0.256051 
0.806900  -0.093238  -0.261436 
0.811000  -0.095739  -0.267242 
0.815100  -0.098391  -0.273500 
0.819200  -0.101207  -0.280246 
0.823300  -0.104198  -0.287516 
0.827400  -0.107380  -0.295352 
0.831500  -0.110767  -0.303800 
0.835600  -0.114376  -0.312909 
0.839700  -0.118227  -0.322736 
0.843800  -0.122340  -0.333341 
0.847900  -0.126737  -0.344794 
0.852000  -0.131446  -0.357169 
0.856100  -0.136493  -0.370551 
0.860200  -0.141911  -0.385034 
0.864300  -0.147734  -0.400724 
0.868400  -0.154000  -0.417738 
0.872500  -0.160754  -0.436207 
0.876600  -0.168044  -0.456279 
0.880700  -0.175923  -0.478119 
0.884800  -0.184452  -0.501911 
0.888900  -0.193696  -0.527862 
0.893000  -0.203731  -0.556205 
0.897100  -0.214640  -0.587200 
0.901200  -0.226512  -0.621135 
0.905300  -0.239450  -0.658332 
0.909400  -0.253565  -0.699150 
0.913500  -0.268975  -0.743978 
0.917600  -0.285812  -0.793246 
0.921700  -0.304211  -0.847412 
0.925800  -0.324314  -0.906960 
0.929900  -0.346262  -0.972387 
0.934000  -0.370187  -1.044182 
0.938100  -0.396200  -1.122791 
0.942200  -0.424377  -1.208570 
0.946300  -0.454731  -1.301716 
0.950400  -0.487183  -1.402173 
0.954500  -0.521522  -1.509506 
0.958600  -0.557357  -1.622753 
0.962700  -0.594063  -1.740254 
0.966800  -0.630737  -1.859491 
0.970900  -0.666169  -1.976966 
0.975000  -0.698847  -2.088189 
0.979100  -0.727029  -2.187841 
0.983200  -0.748882  -2.270169 
0.987300  -0.762701  -2.329612 
0.991400  -0.767162  -2.361595 
0.995500  -0.761563  -2.363296 
0.999600  -0.745975  -2.334187 
1.003700  -0.721249  -2.276155 
1.007800  -0.688881  -2.193173 
1.011900  -0.650766  -2.090613 
1.016000  -0.608924  -1.974424 
1.020100  -0.565256  -1.850379 
1.024200  -0.521383  -1.723538 
1.028300  -0.478565  -1.597964 
1.032400  -0.437703  -1.476657 
1.036500  -0.399366  -1.361638 
1.040600  -0.363862  -1.254109 
1.044700  -0.331301  -1.154640 
1.048800  -0.301650  -1.063344 
1.052900  -0.274786  -0.980020 
1.057000  -0.250532  -0.904270 
1.061100  -0.228683  -0.835585 
1.065200  -0.209024  -0.773403 
1.069300  -0.191345  -0.717152 
1.073400  -0.175443  -0.666274 
1.077500  -0.161133  -0.620241 
1.081600  -0.148243  -0.578565 
1.085700  -0.136618  -0.540798 
1.089800  -0.126120  -0.506535 
1.093900  -0.116625  -0.475413 
1.098000  -0.108024  -0.447106 
1.102100  -0.100220  -0.421325 
1.106200  -0.093126  -0.397812 
1.110300  -0.086668  -0.376338 
1.114400  -0.080778  -0.356700 
1.118500  -0.075396  -0.338719 
1.122600  -0.070472  -0.322235 
1.126700  -0.065958  -0.307105 
1.130800  -0.061813  -0.293206 
1.134900  -0.058002  -0.280424 
1.139000  -0.054491  -0.268661 
1.143100  -0.051253  -0.257828 
1.147200  -0.048262  -0.247848 
1.151300  -0.045495  -0.238650 
1.155400  -0.042931  -0.230172 
1.159500  -0.040553  -0.222359 
1.163600  -0.038344  -0.215163 
1.167700  -0.036290  -0.208539 
1.171800  -0.034377  -0.202448 
1.175900  -0.032593  -0.196858 
1.180000  -0.030928  -0.191738 
1.184100  -0.029373  -0.187061 
1.188200  -0.027918  -0.182807 
1.192300  -0.026555  -0.178954 
1.196400  -0.025278  -0.175489 
1.200500  -0.024079  -0.172397 
1.204600  -0.022954  -0.169669 
1.208700  -0.021895  -0.167300 
1.212800  -0.020900  -0.165284 
1.216900  -0.019962  -0.163624 
1.221000  -0.019078  -0.162321 
1.225100  -0.018244  -0.161385 
1.229200  -0.017457  -0.160827 
1.233300  -0.016713  -0.160666 
1.237400  -0.016009  -0.160925 
1.241500  -0.015344  -0.161636 
1.245600  -0.014713  -0.162840 
1.249700  -0.014116  -0.164587 
1.253800  -0.013549  -0.166946 
1.257900  -0.013012  -0.170002 
1.262000  -0.012501  -0.173865 
1.266100  -0.012016  -0.178679 
1.270200  -0.011555  -0.184634 
1.274300  -0.011117  -0.191984 
1.278400  -0.010699  -0.201077 
1.282500  -0.010302  -0.212401 
1.286600  -0.009923  -0.226657 
1.290700  -0.009562  -0.244896 
1.294800  -0.009217  -0.268757 
1.298900  -0.008888  -0.300947 
1.303000  -0.008574  -0.346284 
1.307100  -0.008274  -0.414229 
1.311200  -0.007988  -0.526273 
1.315300  -0.007713  -0.743927 
1.319400  -0.007451  -1.343024 
1.323500  -0.007200  -10.050010 
1.327600  -0.006960  1.686782 
1.331700  -0.006729  0.749457 
1.335800  -0.006509  0.470201 
1.339900  -0.006297  0.336460 
1.344000  -0.006094  0.258238 
1.348100  -0.005899  0.207057 
1.352200  -0.005712  0.171064 
1.356300  -0.005533  0.144446 
1.360400  -0.005360  0.124016 
1.364500  -0.005195  0.107882 
1.368600  -0.005035  0.094850 
1.372700  -0.004882  0.084129 
1.376800  -0.004735  0.075174 
1.380900  -0.004593  0.067600 
1.385000  -0.004457  0.061123 
1.389100  -0.004325  0.055531 
1.393200  -0.004199  0.050666 
1.397300  -0.004077  0.046401 
1.401400  -0.003959  0.042639 
1.405500  -0.003846  0.039302 
1.409600  -0.003737  0.036326 
1.413700  -0.003631  0.033661 
1.417800  -0.003530  0.031264 
1.421900  -0.003432  0.029099 
1.426000  -0.003337  0.027138 
1.430100  -0.003245  0.025355 
1.434200  -0.003157  0.023730 
1.438300  -0.003072  0.022245 
1.442400  -0.002989  0.020883 
1.446500  -0.002909  0.019632 
1.450600  -0.002832  0.018481 
1.454700  -0.002758  0.017419 
1.458800  -0.002685  0.016437 
1.462900  -0.002616  0.015527 
1.467000  -0.002548  0.014684 
1.471100  -0.002483  0.013900 
1.475200  -0.002419  0.013171 
1.479300  -0.002358  0.012491 
1.483400  -0.002298  0.011857 
1.487500  -0.002241  0.011264 
1.491600  -0.002185  0.010710 
1.495700  -0.002131  0.010190 
1.499800  -0.002079  0.009703 
1.503900  -0.002028  0.009246 
1.508000  -0.001978  0.008816 
1.512100  -0.001931  0.008412 
1.516200  -0.001884  0.008031 
1.520300  -0.001839  0.007672 
1.524400  -0.001796  0.007334 
1.528500  -0.001753  0.007014 
1.532600  -0.001712  0.006712 
1.536700  -0.001672  0.006426 
1.540800  -0.001633  0.006156 
1.544900  -0.001595  0.005900 
1.549000  -0.001559  0.005658 
1.553100  -0.001523  0.005428 
1.557200  -0.001488  0.005209 
1.561300  -0.001455  0.005002 
1.565400  -0.001422  0.004805 
1.569500  -0.001390  0.004618 
1.573600  -0.001359  0.004440 
1.577700  -0.001329  0.004270 
1.581800  -0.001300  0.004108 
1.585900  -0.001271  0.003954 
1.590000  -0.001244  0.003808 
1.594100  -0.001217  0.003668 
1.598200  -0.001190  0.003534 
1.602300  -0.001165  0.003406 
1.606400  -0.001140  0.003285 
1.610500  -0.001115  0.003168 
1.614600  -0.001092  0.003057 
1.618700  -0.001069  0.002950 
1.622800  -0.001046  0.002848 
1.626900  -0.001025  0.002751 
1.631000  -0.001003  0.002657 
1.635100  -0.000982  0.002567 
1.639200  -0.000962  0.002482 
1.643300  -0.000942  0.002399 
1.647400  -0.000923  0.002320 
1.651500  -0.000905  0.002245 
1.655600  -0.000886  0.002172 
1.659700  -0.000868  0.002102 
1.663800  -0.000851  0.002035 
1.667900  -0.000834  0.001970 
1.672000  -0.000817  0.001908 
1.676100  -0.000801  0.001849 
1.680200  -0.000785  0.001792 
1.684300  -0.000770  0.001736 
1.688400  -0.000755  0.001683 
1.692500  -0.000740  0.001632 
1.696600  -0.000726  0.001583 
1.700700  -0.000712  0.001536 
1.704800  -0.000698  0.001490 
1.708900  -0.000685  0.001446 
1.713000  -0.000672  0.001404 
1.717100  -0.000659  0.001363 
1.721200  -0.000647  0.001323 
1.725300  -0.000635  0.001285 
1.729400  -0.000623  0.001249 
1.733500  -0.000611  0.001213 
1.737600  -0.000600  0.001179 
1.741700  -0.000589  0.001146 
1.745800  -0.000578  0.001114 
1.749900  -0.000567  0.001083 
1.754000  -0.000557  0.001053 
1.758100  -0.000547  0.001024 
1.762200  -0.000537  0.000997 
1.766300  -0.000527  0.000970 
1.770400  -0.000518  0.000944 
1.774500  -0.000508  0.000918 
1.778600  -0.000499  0.000894 
1.782700  -0.000490  0.000870 
1.786800  -0.000482  0.000848 
1.790900  -0.000473  0.000825 
1.795000  -0.000465  0.000804 
1.799100  -0.000457  0.000783 
1.803200  -0.000449  0.000763 
1.807300  -0.000441  0.000744 
1.811400  -0.000433  0.000725 
1.815500  -0.000426  0.000706 
1.819600  -0.000419  0.000689 
1.823700  -0.000411  0.000672 
1.827800  -0.000404  0.000655 
1.831900  -0.000397  0.000639 
1.836000  -0.000391  0.000623 
1.840100  -0.000384  0.000608 
1.844200  -0.000378  0.000593 
1.848300  -0.000371  0.000579 
1.852400  -0.000365  0.000565 
1.856500  -0.000359  0.000551 
1.860600  -0.000353  0.000538 
1.864700  -0.000347  0.000525 
1.868800  -0.000341  0.000513 
1.872900  -0.000336  0.000501 
1.877000  -0.000330  0.000489 
1.881100  -0.000325  0.000478 
1.885200  -0.000320  0.000467 
1.889300  -0.000314  0.000456 
1.893400  -0.000309  0.000445 
1.897500  -0.000304  0.000435 
1.901600  -0.000300  0.000425 
1.905700  -0.000295  0.000416 
1.909800  -0.000290  0.000406 
1.913900  -0.000285  0.000397 
1.918000  -0.000281  0.000388 
1.922100  -0.000276  0.000380 
1.926200  -0.000272  0.000371 
1.930300  -0.000268  0.000363 
1.934400  -0.000264  0.000355 
1.938500  -0.000260  0.000348 
1.942600  -0.000256  0.000340 
1.946700  -0.000252  0.000333 
1.950800  -0.000248  0.000326 
1.954900  -0.000244  0.000319 
1.959000  -0.000240  0.000312 
1.963100  -0.000236  0.000305 
1.967200  -0.000233  0.000299 
1.971300  -0.000229  0.000293 
1.975400  -0.000226  0.000286 
1.979500  -0.000222  0.000280 
1.983600  -0.000219  0.000275 
1.987700  -0.000216  0.000269 
1.991800  -0.000213  0.000263 
1.995900  -0.000209  0.000258 
2.000000  -0.000206  0.000253 
