-2.100000  -0.000036  0.000039 
-2.095900  -0.000037  0.000040 
-2.091800  -0.000038  0.000041 
-2.087700  -0.000038  0.000042 
-2.083600  -0.000039  0.000043 
-2.079500  -0.000039  0.000043 
-2.075400  -0.000040  0.000044 
-2.071300  -0.000040  0.000045 
-2.067200  -0.000041  0.000046 
-2.063100  -0.000041  0.000047 
-2.059000  -0.000042  0.000048 
-2.054900  -0.000043  0.000049 
-2.050800  -0.000043  0.000050 
-2.046700  -0.000044  0.000051 
-2.042600  -0.000045  0.000052 
-2.038500  -0.000045  0.000053 
-2.034400  -0.000046  0.000054 
-2.030300  -0.000047  0.000055 
-2.026200  -0.000047  0.000056 
-2.022100  -0.000048  0.000057 
-2.018000  -0.000049  0.000058 
-2.013900  -0.000049  0.000060 
-2.009800  -0.000050  0.000061 
-2.005700  -0.000051  0.000062 
-2.001600  -0.000052  0.000063 
-1.997500  -0.000052  0.000065 
-1.993400  -0.000053  0.000066 
-1.989300  -0.000054  0.000067 
-1.985200  -0.000055  0.000069 
-1.981100  -0.000056  0.000070 
-1.977000  -0.000057  0.000072 
-1.972900  -0.000057  0.000073 
-1.968800  -0.000058  0.000075 
-1.964700  -0.000059  0.000076 
-1.960600  -0.000060  0.000078 
-1.956500  -0.000061  0.000080 
-1.952400  -0.000062  0.000082 
-1.948300  -0.000063  0.000083 
-1.944200  -0.000064  0.000085 
-1.940100  -0.000065  0.000087 
-1.936000  -0.000066  0.000089 
-1.931900  -0.000067  0.000091 
-1.927800  -0.000068  0.000093 
-1.923700  -0.000069  0.000095 
-1.919600  -0.000070  0.000097 
-1.915500  -0.000072  0.000100 
-1.911400  -0.000073  0.000102 
-1.907300  -0.000074  0.000104 
-1.903200  -0.000075  0.000107 
-1.899100  -0.000076  0.000109 
-1.895000  -0.000078  0.000112 
-1.890900  -0.000079  0.000114 
-1.886800  -0.000080  0.000117 
-1.882700  -0.000081  0.000120 
-1.878600  -0.000083  0.000123 
-1.874500  -0.000084  0.000126 
-1.870400  -0.000086  0.000129 
-1.866300  -0.000087  0.000132 
-1.862200  -0.000089  0.000135 
-1.858100  -0.000090  0.000138 
-1.854000  -0.000092  0.000142 
-1.849900  -0.000093  0.000145 
-1.845800  -0.000095  0.000149 
-1.841700  -0.000096  0.000153 
-1.837600  -0.000098  0.000156 
-1.833500  -0.000100  0.000160 
-1.829400  -0.000101  0.000164 
-1.825300  -0.000103  0.000169 
-1.821200  -0.000105  0.000173 
-1.817100  -0.000107  0.000177 
-1.813000  -0.000109  0.000182 
-1.808900  -0.000111  0.000187 
-1.804800  -0.000113  0.000192 
-1.800700  -0.000115  0.000197 
-1.796600  -0.000117  0.000202 
-1.792500  -0.000119  0.000208 
-1.788400  -0.000121  0.000213 
-1.784300  -0.000123  0.000219 
-1.780200  -0.000125  0.000225 
-1.776100  -0.000128  0.000231 
-1.772000  -0.000130  0.000237 
-1.767900  -0.000132  0.000244 
-1.763800  -0.000135  0.000251 
-1.759700  -0.000137  0.000258 
-1.755600  -0.000140  0.000265 
-1.751500  -0.000142  0.000273 
-1.747400  -0.000145  0.000280 
-1.743300  -0.000148  0.000289 
-1.739200  -0.000151  0.000297 
-1.735100  -0.000153  0.000306 
-1.731000  -0.000156  0.000315 
-1.726900  -0.000159  0.000324 
-1.722800  -0.000162  0.000333 
-1.718700  -0.000166  0.000343 
-1.714600  -0.000169  0.000354 
-1.710500  -0.000172  0.000365 
-1.706400  -0.000175  0.000376 
-1.702300  -0.000179  0.000387 
-1.698200  -0.000182  0.000399 
-1.694100  -0.000186  0.000412 
-1.690000  -0.000190  0.000425 
-1.685900  -0.000194  0.000438 
-1.681800  -0.000197  0.000452 
-1.677700  -0.000201  0.000467 
-1.673600  -0.000205  0.000482 
-1.669500  -0.000210  0.000498 
-1.665400  -0.000214  0.000514 
-1.661300  -0.000218  0.000531 
-1.657200  -0.000223  0.000549 
-1.653100  -0.000227  0.000567 
-1.649000  -0.000232  0.000587 
-1.644900  -0.000237  0.000607 
-1.640800  -0.000242  0.000628 
-1.636700  -0.000247  0.000650 
-1.632600  -0.000252  0.000673 
-1.628500  -0.000258  0.000697 
-1.624400  -0.000263  0.000721 
-1.620300  -0.000269  0.000747 
-1.616200  -0.000275  0.000775 
-1.612100  -0.000281  0.000803 
-1.608000  -0.000287  0.000833 
-1.603900  -0.000293  0.000864 
-1.599800  -0.000300  0.000897 
-1.595700  -0.000306  0.000931 
-1.591600  -0.000313  0.000967 
-1.587500  -0.000320  0.001005 
-1.583400  -0.000327  0.001044 
-1.579300  -0.000335  0.001086 
-1.575200  -0.000342  0.001129 
-1.571100  -0.000350  0.001175 
-1.567000  -0.000358  0.001223 
-1.562900  -0.000367  0.001274 
-1.558800  -0.000375  0.001327 
-1.554700  -0.000384  0.001383 
-1.550600  -0.000393  0.001443 
-1.546500  -0.000402  0.001505 
-1.542400  -0.000412  0.001571 
-1.538300  -0.000422  0.001641 
-1.534200  -0.000432  0.001715 
-1.530100  -0.000442  0.001793 
-1.526000  -0.000453  0.001876 
-1.521900  -0.000464  0.001964 
-1.517800  -0.000476  0.002057 
-1.513700  -0.000488  0.002156 
-1.509600  -0.000500  0.002261 
-1.505500  -0.000512  0.002373 
-1.501400  -0.000525  0.002492 
-1.497300  -0.000539  0.002620 
-1.493200  -0.000552  0.002755 
-1.489100  -0.000566  0.002901 
-1.485000  -0.000581  0.003056 
-1.480900  -0.000596  0.003222 
-1.476800  -0.000612  0.003401 
-1.472700  -0.000628  0.003593 
-1.468600  -0.000645  0.003800 
-1.464500  -0.000662  0.004023 
-1.460400  -0.000680  0.004264 
-1.456300  -0.000698  0.004524 
-1.452200  -0.000717  0.004807 
-1.448100  -0.000737  0.005114 
-1.444000  -0.000757  0.005448 
-1.439900  -0.000779  0.005813 
-1.435800  -0.000800  0.006212 
-1.431700  -0.000823  0.006650 
-1.427600  -0.000846  0.007132 
-1.423500  -0.000871  0.007664 
-1.419400  -0.000896  0.008254 
-1.415300  -0.000922  0.008910 
-1.411200  -0.000949  0.009642 
-1.407100  -0.000977  0.010464 
-1.403000  -0.001006  0.011392 
-1.398900  -0.001036  0.012444 
-1.394800  -0.001068  0.013645 
-1.390700  -0.001100  0.015026 
-1.386600  -0.001134  0.016628 
-1.382500  -0.001169  0.018504 
-1.378400  -0.001206  0.020724 
-1.374300  -0.001244  0.023386 
-1.370200  -0.001283  0.026627 
-1.366100  -0.001325  0.030649 
-1.362000  -0.001367  0.035755 
-1.357900  -0.001412  0.042431 
-1.353800  -0.001458  0.051500 
-1.349700  -0.001507  0.064476 
-1.345600  -0.001557  0.084492 
-1.341500  -0.001610  0.119240 
-1.337400  -0.001665  0.194002 
-1.333300  -0.001722  0.469031 
-1.329200  -0.001782  -1.451573 
-1.325100  -0.001845  -0.301580 
-1.321000  -0.001910  -0.173726 
-1.316900  -0.001979  -0.124733 
-1.312800  -0.002050  -0.098953 
-1.308700  -0.002125  -0.083133 
-1.304600  -0.002204  -0.072498 
-1.300500  -0.002286  -0.064911 
-1.296400  -0.002373  -0.059268 
-1.292300  -0.002463  -0.054946 
-1.288200  -0.002558  -0.051564 
-1.284100  -0.002658  -0.048876 
-1.280000  -0.002763  -0.046718 
-1.275900  -0.002873  -0.044976 
-1.271800  -0.002989  -0.043568 
-1.267700  -0.003112  -0.042433 
-1.263600  -0.003240  -0.041527 
-1.259500  -0.003376  -0.040816 
-1.255400  -0.003519  -0.040274 
-1.251300  -0.003671  -0.039881 
-1.247200  -0.003830  -0.039620 
-1.243100  -0.003999  -0.039481 
-1.239000  -0.004178  -0.039453 
-1.234900  -0.004368  -0.039529 
-1.230800  -0.004569  -0.039704 
-1.226700  -0.004782  -0.039974 
-1.222600  -0.005008  -0.040336 
-1.218500  -0.005249  -0.040790 
-1.214400  -0.005504  -0.041334 
-1.210300  -0.005777  -0.041969 
-1.206200  -0.006068  -0.042698 
-1.202100  -0.006378  -0.043521 
-1.198000  -0.006710  -0.044443 
-1.193900  -0.007064  -0.045468 
-1.189800  -0.007444  -0.046600 
-1.185700  -0.007852  -0.047846 
-1.181600  -0.008289  -0.049213 
-1.177500  -0.008760  -0.050709 
-1.173400  -0.009267  -0.052343 
-1.169300  -0.009813  -0.054126 
-1.165200  -0.010404  -0.056071 
-1.161100  -0.011043  -0.058191 
-1.157000  -0.011735  -0.060503 
-1.152900  -0.012487  -0.063024 
-1.148800  -0.013304  -0.065776 
-1.144700  -0.014196  -0.068783 
-1.140600  -0.015169  -0.072071 
-1.136500  -0.016234  -0.075673 
-1.132400  -0.017403  -0.079623 
-1.128300  -0.018688  -0.083964 
-1.124200  -0.020105  -0.088743 
-1.120100  -0.021671  -0.094017 
-1.116000  -0.023407  -0.099851 
-1.111900  -0.025336  -0.106320 
-1.107800  -0.027488  -0.113515 
-1.103700  -0.029897  -0.121540 
-1.099600  -0.032601  -0.130523 
-1.095500  -0.035649  -0.140612 
-1.091400  -0.039099  -0.151987 
-1.087300  -0.043020  -0.164863 
-1.083200  -0.047496  -0.179503 
-1.079100  -0.052631  -0.196227 
-1.075000  -0.058552  -0.215425 
-1.070900  -0.065416  -0.237582 
-1.066800  -0.073420  -0.263297 
-1.062700  -0.082809  -0.293321 
-1.058600  -0.093892  -0.328592 
-1.054500  -0.107063  -0.370298 
-1.050400  -0.122820  -0.419937 
-1.046300  -0.141795  -0.479404 
-1.042200  -0.164791  -0.551081 
-1.038100  -0.192811  -0.637928 
-1.034000  -0.227083  -0.743526 
-1.029900  -0.269038  -0.871982 
-1.025800  -0.320182  -1.027506 
-1.021700  -0.381749  -1.213300 
-1.017600  -0.453947  -1.429240 
-1.013500  -0.534620  -1.667873 
-1.009400  -0.617496  -1.909306 
-1.005300  -0.691094  -2.118393 
-1.001200  -0.740541  -2.250871 
-0.997100  -0.753636  -2.271946 
-0.993000  -0.727828  -2.176725 
-0.988900  -0.671629  -1.993172 
-0.984800  -0.599072  -1.764560 
-0.980700  -0.522891  -1.529019 
-0.976600  -0.451255  -1.310294 
-0.972500  -0.387954  -1.118852 
-0.968400  -0.333908  -0.956682 
-0.964300  -0.288572  -0.821568 
-0.960200  -0.250824  -0.709756 
-0.956100  -0.219436  -0.617303 
-0.952000  -0.193273  -0.540651 
-0.947900  -0.171370  -0.476801 
-0.943800  -0.152930  -0.423306 
-0.939700  -0.137310  -0.378204 
-0.935600  -0.123994  -0.339933 
-0.931500  -0.112572  -0.307252 
-0.927400  -0.102714  -0.279172 
-0.923300  -0.094155  -0.254902 
-0.919200  -0.086683  -0.233808 
-0.915100  -0.080125  -0.215376 
-0.911000  -0.074341  -0.199192 
-0.906900  -0.069215  -0.184914 
-0.902800  -0.064653  -0.172263 
-0.898700  -0.060574  -0.161008 
-0.894600  -0.056915  -0.150958 
-0.890500  -0.053619  -0.141951 
-0.886400  -0.050641  -0.133852 
-0.882300  -0.047940  -0.126548 
-0.878200  -0.045485  -0.119941 
-0.874100  -0.043245  -0.113950 
-0.870000  -0.041197  -0.108504 
-0.865900  -0.039319  -0.103541 
-0.861800  -0.037593  -0.099010 
-0.857700  -0.036003  -0.094866 
-0.853600  -0.034536  -0.091067 
-0.849500  -0.033178  -0.087581 
-0.845400  -0.031921  -0.084376 
-0.841300  -0.030753  -0.081427 
-0.837200  -0.029666  -0.078709 
-0.833100  -0.028655  -0.076202 
-0.829000  -0.027711  -0.073887 
-0.824900  -0.026829  -0.071749 
-0.820800  -0.026004  -0.069772 
-0.816700  -0.025231  -0.067944 
-0.812600  -0.024506  -0.066252 
-0.808500  -0.023825  -0.064686 
-0.804400  -0.023185  -0.063237 
-0.800300  -0.022582  -0.061895 
-0.796200  -0.022015  -0.060652 
-0.792100  -0.021480  -0.059502 
-0.788000  -0.020975  -0.058438 
-0.783900  -0.020498  -0.057453 
-0.779800  -0.020047  -0.056541 
-0.775700  -0.019621  -0.055698 
-0.771600  -0.019218  -0.054917 
-0.767500  -0.018836  -0.054194 
-0.763400  -0.018474  -0.053525 
-0.759300  -0.018131  -0.052904 
-0.755200  -0.017805  -0.052327 
-0.751100  -0.017497  -0.051791 
-0.747000  -0.017204  -0.051291 
-0.742900  -0.016926  -0.050823 
-0.738800  -0.016661  -0.050383 
-0.734700  -0.016410  -0.049967 
-0.730600  -0.016172  -0.049571 
-0.726500  -0.015946  -0.049192 
-0.722400  -0.015730  -0.048826 
-0.718300  -0.015526  -0.048469 
-0.714200  -0.015332  -0.048118 
-0.710100  -0.015147  -0.047770 
-0.706000  -0.014972  -0.047422 
-0.701900  -0.014806  -0.047071 
-0.697800  -0.014648  -0.046715 
-0.693700  -0.014498  -0.046351 
-0.689600  -0.014357  -0.045978 
-0.685500  -0.014222  -0.045594 
-0.681400  -0.014095  -0.045198 
-0.677300  -0.013974  -0.044790 
-0.673200  -0.013861  -0.044370 
-0.669100  -0.013753  -0.043936 
-0.665000  -0.013652  -0.043491 
-0.660900  -0.013557  -0.043035 
-0.656800  -0.013467  -0.042568 
-0.652700  -0.013384  -0.042092 
-0.648600  -0.013305  -0.041609 
-0.644500  -0.013232  -0.041120 
-0.640400  -0.013164  -0.040628 
-0.636300  -0.013101  -0.040134 
-0.632200  -0.013042  -0.039639 
-0.628100  -0.012989  -0.039147 
-0.624000  -0.012940  -0.038658 
-0.619900  -0.012895  -0.038175 
-0.615800  -0.012855  -0.037700 
-0.611700  -0.012819  -0.037233 
-0.607600  -0.012788  -0.036776 
-0.603500  -0.012760  -0.036330 
-0.599400  -0.012737  -0.035898 
-0.595300  -0.012718  -0.035478 
-0.591200  -0.012703  -0.035074 
-0.587100  -0.012691  -0.034684 
-0.583000  -0.012684  -0.034310 
-0.578900  -0.012680  -0.033953 
-0.574800  -0.012681  -0.033612 
-0.570700  -0.012685  -0.033288 
-0.566600  -0.012693  -0.032981 
-0.562500  -0.012704  -0.032692 
-0.558400  -0.012720  -0.032420 
-0.554300  -0.012739  -0.032165 
-0.550200  -0.012762  -0.031927 
-0.546100  -0.012788  -0.031706 
-0.542000  -0.012819  -0.031503 
-0.537900  -0.012853  -0.031316 
-0.533800  -0.012891  -0.031146 
-0.529700  -0.012933  -0.030992 
-0.525600  -0.012978  -0.030855 
-0.521500  -0.013028  -0.030734 
-0.517400  -0.013081  -0.030629 
-0.513300  -0.013138  -0.030540 
-0.509200  -0.013200  -0.030467 
-0.505100  -0.013265  -0.030408 
-0.501000  -0.013334  -0.030366 
-0.496900  -0.013408  -0.030338 
-0.492800  -0.013486  -0.030325 
-0.488700  -0.013568  -0.030328 
-0.484600  -0.013654  -0.030345 
-0.480500  -0.013745  -0.030377 
-0.476400  -0.013840  -0.030424 
-0.472300  -0.013941  -0.030485 
-0.468200  -0.014045  -0.030561 
-0.464100  -0.014155  -0.030651 
-0.460000  -0.014269  -0.030756 
-0.455900  -0.014389  -0.030876 
-0.451800  -0.014514  -0.031011 
-0.447700  -0.014644  -0.031161 
-0.443600  -0.014780  -0.031325 
-0.439500  -0.014921  -0.031505 
-0.435400  -0.015068  -0.031700 
-0.431300  -0.015221  -0.031910 
-0.427200  -0.015381  -0.032137 
-0.423100  -0.015546  -0.032379 
-0.419000  -0.015718  -0.032637 
-0.414900  -0.015897  -0.032912 
-0.410800  -0.016083  -0.033204 
-0.406700  -0.016276  -0.033513 
-0.402600  -0.016477  -0.033839 
-0.398500  -0.016685  -0.034184 
-0.394400  -0.016902  -0.034547 
-0.390300  -0.017127  -0.034930 
-0.386200  -0.017360  -0.035332 
-0.382100  -0.017602  -0.035754 
-0.378000  -0.017854  -0.036197 
-0.373900  -0.018115  -0.036661 
-0.369800  -0.018387  -0.037147 
-0.365700  -0.018669  -0.037657 
-0.361600  -0.018962  -0.038190 
-0.357500  -0.019266  -0.038748 
-0.353400  -0.019582  -0.039331 
-0.349300  -0.019911  -0.039941 
-0.345200  -0.020253  -0.040579 
-0.341100  -0.020608  -0.041245 
-0.337000  -0.020977  -0.041941 
-0.332900  -0.021362  -0.042669 
-0.328800  -0.021762  -0.043429 
-0.324700  -0.022178  -0.044224 
-0.320600  -0.022611  -0.045054 
-0.316500  -0.023063  -0.045922 
-0.312400  -0.023533  -0.046828 
-0.308300  -0.024023  -0.047776 
-0.304200  -0.024534  -0.048768 
-0.300100  -0.025068  -0.049804 
-0.296000  -0.025624  -0.050888 
-0.291900  -0.026205  -0.052023 
-0.287800  -0.026812  -0.053211 
-0.283700  -0.027446  -0.054454 
-0.279600  -0.028109  -0.055757 
-0.275500  -0.028802  -0.057122 
-0.271400  -0.029528  -0.058553 
-0.267300  -0.030288  -0.060054 
-0.263200  -0.031085  -0.061629 
-0.259100  -0.031920  -0.063283 
-0.255000  -0.032797  -0.065020 
-0.250900  -0.033717  -0.066846 
-0.246800  -0.034684  -0.068767 
-0.242700  -0.035700  -0.070789 
-0.238600  -0.036770  -0.072918 
-0.234500  -0.037896  -0.075163 
-0.230400  -0.039083  -0.077530 
-0.226300  -0.040335  -0.080029 
-0.222200  -0.041657  -0.082669 
-0.218100  -0.043053  -0.085461 
-0.214000  -0.044531  -0.088415 
-0.209900  -0.046094  -0.091545 
-0.205800  -0.047752  -0.094864 
-0.201700  -0.049510  -0.098388 
-0.197600  -0.051378  -0.102131 
-0.193500  -0.053364  -0.106114 
-0.189400  -0.055478  -0.110356 
-0.185300  -0.057731  -0.114879 
-0.181200  -0.060137  -0.119709 
-0.177100  -0.062708  -0.124873 
-0.173000  -0.065459  -0.130402 
-0.168900  -0.068409  -0.136331 
-0.164800  -0.071576  -0.142698 
-0.160700  -0.074981  -0.149546 
-0.156600  -0.078650  -0.156925 
-0.152500  -0.082609  -0.164891 
-0.148400  -0.086889  -0.173504 
-0.144300  -0.091526  -0.182837 
-0.140200  -0.096559  -0.192971 
-0.136100  -0.102036  -0.203999 
-0.132000  -0.108008  -0.216026 
-0.127900  -0.114536  -0.229174 
-0.123800  -0.121690  -0.243587 
-0.119700  -0.129552  -0.259426 
-0.115600  -0.138216  -0.276885 
-0.111500  -0.147793  -0.296185 
-0.107400  -0.158413  -0.317591 
-0.103300  -0.170230  -0.341412 
-0.099200  -0.183426  -0.368016 
-0.095100  -0.198219  -0.397844 
-0.091000  -0.214870  -0.431422 
-0.086900  -0.233693  -0.469385 
-0.082800  -0.255070  -0.512505 
-0.078700  -0.279467  -0.561722 
-0.074600  -0.307454  -0.618192 
-0.070500  -0.339737  -0.683341 
-0.066400  -0.377192  -0.758942 
-0.062300  -0.420913  -0.847211 
-0.058200  -0.472273  -0.950929 
-0.054100  -0.533002  -1.073601 
-0.050000  -0.605281  -1.219654 
-0.045900  -0.691853  -1.394661 
-0.041800  -0.796146  -1.605592 
-0.037700  -0.922360  -1.861007 
-0.033600  -1.075458  -2.171046 
-0.029500  -1.260882  -2.546865 
-0.025400  -1.483658  -2.998857 
-0.021300  -1.746341  -3.532465 
-0.017200  -2.045052  -4.140116 
-0.013100  -2.363387  -4.788692 
-0.009000  -2.666227  -5.406663 
-0.004900  -2.900019  -5.884382 
-0.000800  -3.008205  -6.105634 
0.003300  -2.959776  -6.006577 
0.007400  -2.769003  -5.616601 
0.011500  -2.486034  -5.038850 
0.015600  -2.168419  -4.391340 
0.019700  -1.859177  -3.761893 
0.023800  -1.581436  -3.197399 
0.027900  -1.343147  -2.713716 
0.032000  -1.143671  -2.309261 
0.036100  -0.978612  -1.974895 
0.040200  -0.842534  -1.699448 
0.044300  -0.730231  -1.472266 
0.048400  -0.637192  -1.284154 
0.052500  -0.559697  -1.127537 
0.056600  -0.494749  -0.996325 
0.060700  -0.439961  -0.885673 
0.064800  -0.393439  -0.791742 
0.068900  -0.353683  -0.711489 
0.073000  -0.319497  -0.642494 
0.077100  -0.289926  -0.582824 
0.081200  -0.264203  -0.530928 
0.085300  -0.241708  -0.485551 
0.089400  -0.221938  -0.445676 
0.093500  -0.204480  -0.410469 
0.097600  -0.188996  -0.379246 
0.101700  -0.175204  -0.351440 
0.105800  -0.162872  -0.326580 
0.109900  -0.151805  -0.304272 
0.114000  -0.141838  -0.284184 
0.118100  -0.132832  -0.266035 
0.122200  -0.124669  -0.249588 
0.126300  -0.117249  -0.234640 
0.130400  -0.110486  -0.221016 
0.134500  -0.104304  -0.208567 
0.138600  -0.098641  -0.197163 
0.142700  -0.093440  -0.186692 
0.146800  -0.088654  -0.177057 
0.150900  -0.084239  -0.168171 
0.155000  -0.080159  -0.159961 
0.159100  -0.076380  -0.152360 
0.163200  -0.072875  -0.145310 
0.167300  -0.069618  -0.138761 
0.171400  -0.066586  -0.132666 
0.175500  -0.063759  -0.126985 
0.179600  -0.061120  -0.121683 
0.183700  -0.058651  -0.116726 
0.187800  -0.056340  -0.112086 
0.191900  -0.054173  -0.107737 
0.196000  -0.052138  -0.103656 
0.200100  -0.050226  -0.099821 
0.204200  -0.048426  -0.096214 
0.208300  -0.046730  -0.092817 
0.212400  -0.045130  -0.089615 
0.216500  -0.043620  -0.086594 
0.220600  -0.042193  -0.083740 
0.224700  -0.040842  -0.081042 
0.228800  -0.039564  -0.078489 
0.232900  -0.038352  -0.076071 
0.237000  -0.037202  -0.073780 
0.241100  -0.036111  -0.071607 
0.245200  -0.035074  -0.069544 
0.249300  -0.034088  -0.067584 
0.253400  -0.033150  -0.065722 
0.257500  -0.032257  -0.063950 
0.261600  -0.031406  -0.062264 
0.265700  -0.030595  -0.060659 
0.269800  -0.029821  -0.059130 
0.273900  -0.029082  -0.057672 
0.278000  -0.028376  -0.056282 
0.282100  -0.027701  -0.054955 
0.286200  -0.027056  -0.053689 
0.290300  -0.026439  -0.052480 
0.294400  -0.025848  -0.051325 
0.298500  -0.025282  -0.050221 
0.302600  -0.024740  -0.049167 
0.306700  -0.024220  -0.048158 
0.310800  -0.023722  -0.047193 
0.314900  -0.023244  -0.046271 
0.319000  -0.022785  -0.045388 
0.323100  -0.022345  -0.044543 
0.327200  -0.021922  -0.043735 
0.331300  -0.021516  -0.042962 
0.335400  -0.021125  -0.042222 
0.339500  -0.020750  -0.041513 
0.343600  -0.020390  -0.040835 
0.347700  -0.020043  -0.040186 
0.351800  -0.019709  -0.039566 
0.355900  -0.019388  -0.038972 
0.360000  -0.019079  -0.038405 
0.364100  -0.018782  -0.037862 
0.368200  -0.018495  -0.037343 
0.372300  -0.018220  -0.036848 
0.376400  -0.017955  -0.036375 
0.380500  -0.017699  -0.035924 
0.384600  -0.017453  -0.035494 
0.388700  -0.017217  -0.035084 
0.392800  -0.016988  -0.034694 
0.396900  -0.016769  -0.034324 
0.401000  -0.016557  -0.033972 
0.405100  -0.016354  -0.033638 
0.409200  -0.016158  -0.033322 
0.413300  -0.015969  -0.033024 
0.417400  -0.015787  -0.032742 
0.421500  -0.015613  -0.032478 
0.425600  -0.015445  -0.032229 
0.429700  -0.015283  -0.031997 
0.433800  -0.015127  -0.031780 
0.437900  -0.014978  -0.031579 
0.442000  -0.014834  -0.031393 
0.446100  -0.014696  -0.031223 
0.450200  -0.014564  -0.031068 
0.454300  -0.014437  -0.030927 
0.458400  -0.014316  -0.030801 
0.462500  -0.014199  -0.030691 
0.466600  -0.014087  -0.030594 
0.470700  -0.013981  -0.030513 
0.474800  -0.013879  -0.030446 
0.478900  -0.013782  -0.030393 
0.483000  -0.013689  -0.030356 
0.487100  -0.013601  -0.030333 
0.491200  -0.013517  -0.030325 
0.495300  -0.013438  -0.030331 
0.499400  -0.013363  -0.030353 
0.503500  -0.013292  -0.030390 
0.507600  -0.013225  -0.030442 
0.511700  -0.013162  -0.030510 
0.515800  -0.013103  -0.030593 
0.519900  -0.013048  -0.030691 
0.524000  -0.012997  -0.030806 
0.528100  -0.012950  -0.030937 
0.532200  -0.012907  -0.031084 
0.536300  -0.012867  -0.031248 
0.540400  -0.012832  -0.031428 
0.544500  -0.012800  -0.031625 
0.548600  -0.012772  -0.031839 
0.552700  -0.012747  -0.032070 
0.556800  -0.012727  -0.032318 
0.560900  -0.012710  -0.032584 
0.565000  -0.012697  -0.032866 
0.569100  -0.012687  -0.033166 
0.573200  -0.012682  -0.033484 
0.577300  -0.012680  -0.033818 
0.581400  -0.012682  -0.034169 
0.585500  -0.012688  -0.034536 
0.589600  -0.012698  -0.034920 
0.593700  -0.012711  -0.035319 
0.597800  -0.012729  -0.035732 
0.601900  -0.012751  -0.036160 
0.606000  -0.012776  -0.036600 
0.610100  -0.012806  -0.037053 
0.614200  -0.012840  -0.037516 
0.618300  -0.012879  -0.037989 
0.622400  -0.012922  -0.038469 
0.626500  -0.012969  -0.038956 
0.630600  -0.013021  -0.039447 
0.634700  -0.013077  -0.039941 
0.638800  -0.013138  -0.040435 
0.642900  -0.013205  -0.040929 
0.647000  -0.013276  -0.041419 
0.651100  -0.013352  -0.041904 
0.655200  -0.013434  -0.042383 
0.659300  -0.013521  -0.042854 
0.663400  -0.013614  -0.043314 
0.667500  -0.013713  -0.043764 
0.671600  -0.013818  -0.044202 
0.675700  -0.013929  -0.044628 
0.679800  -0.014047  -0.045041 
0.683900  -0.014172  -0.045441 
0.688000  -0.014303  -0.045829 
0.692100  -0.014442  -0.046206 
0.696200  -0.014589  -0.046574 
0.700300  -0.014743  -0.046933 
0.704400  -0.014906  -0.047286 
0.708500  -0.015078  -0.047635 
0.712600  -0.015259  -0.047982 
0.716700  -0.015449  -0.048332 
0.720800  -0.015649  -0.048686 
0.724900  -0.015860  -0.049048 
0.729000  -0.016082  -0.049422 
0.733100  -0.016316  -0.049810 
0.737200  -0.016562  -0.050218 
0.741300  -0.016821  -0.050648 
0.745400  -0.017093  -0.051105 
0.749500  -0.017381  -0.051592 
0.753600  -0.017683  -0.052114 
0.757700  -0.018002  -0.052674 
0.761800  -0.018338  -0.053277 
0.765900  -0.018692  -0.053927 
0.770000  -0.019066  -0.054628 
0.774100  -0.019461  -0.055386 
0.778200  -0.019878  -0.056204 
0.782300  -0.020319  -0.057089 
0.786400  -0.020786  -0.058044 
0.790500  -0.021279  -0.059077 
0.794600  -0.021802  -0.060193 
0.798700  -0.022357  -0.061398 
0.802800  -0.022945  -0.062700 
0.806900  -0.023570  -0.064107 
0.811000  -0.024235  -0.065626 
0.815100  -0.024942  -0.067268 
0.819200  -0.025696  -0.069042 
0.823300  -0.026500  -0.070959 
0.827400  -0.027359  -0.073033 
0.831500  -0.028279  -0.075277 
0.835600  -0.029263  -0.077706 
0.839700  -0.030319  -0.080340 
0.843800  -0.031455  -0.083196 
0.847900  -0.032676  -0.086298 
0.852000  -0.033994  -0.089671 
0.856100  -0.035417  -0.093344 
0.860200  -0.036957  -0.097349 
0.864300  -0.038628  -0.101725 
0.868400  -0.040445  -0.106513 
0.872500  -0.042424  -0.111763 
0.876600  -0.044586  -0.117534 
0.880700  -0.046955  -0.123891 
0.884800  -0.049556  -0.130913 
0.888900  -0.052421  -0.138689 
0.893000  -0.055588  -0.147327 
0.897100  -0.059100  -0.156952 
0.901200  -0.063007  -0.167716 
0.905300  -0.067372  -0.179797 
0.909400  -0.072268  -0.193409 
0.913500  -0.077783  -0.208813 
0.917600  -0.084024  -0.226323 
0.921700  -0.091120  -0.246323 
0.925800  -0.099232  -0.269286 
0.929900  -0.108555  -0.295794 
0.934000  -0.119331  -0.326574 
0.938100  -0.131864  -0.362531 
0.942200  -0.146530  -0.404800 
0.946300  -0.163801  -0.454811 
0.950400  -0.184267  -0.514357 
0.954500  -0.208661  -0.585688 
0.958600  -0.237884  -0.671581 
0.962700  -0.273007  -0.775384 
0.966800  -0.315235  -0.900927 
0.970900  -0.365771  -1.052148 
0.975000  -0.425463  -1.232094 
0.979100  -0.494103  -1.440837 
0.983200  -0.569213  -1.671816 
0.987300  -0.644474  -1.906941 
0.991400  -0.708779  -2.113306 
0.995500  -0.747934  -2.247691 
0.999600  -0.750384  -2.273431 
1.003700  -0.714081  -2.181588 
1.007800  -0.648112  -1.997132 
1.011900  -0.567217  -1.763364 
1.016000  -0.484656  -1.520433 
1.020100  -0.408708  -1.294178 
1.024200  -0.342923  -1.096308 
1.028300  -0.287824  -0.929237 
1.032400  -0.242458  -0.790698 
1.036500  -0.205367  -0.676689 
1.040600  -0.175065  -0.582984 
1.044700  -0.150240  -0.505773 
1.048800  -0.129802  -0.441855 
1.052900  -0.112873  -0.388631 
1.057000  -0.098759  -0.344027 
1.061100  -0.086913  -0.306402 
1.065200  -0.076904  -0.274454 
1.069300  -0.068392  -0.247156 
1.073400  -0.061109  -0.223690 
1.077500  -0.054840  -0.203400 
1.081600  -0.049415  -0.185762 
1.085700  -0.044696  -0.170350 
1.089800  -0.040569  -0.156819 
1.093900  -0.036944  -0.144887 
1.098000  -0.033747  -0.134319 
1.102100  -0.030914  -0.124924 
1.106200  -0.028396  -0.116541 
1.110300  -0.026148  -0.109036 
1.114400  -0.024135  -0.102295 
1.118500  -0.022327  -0.096223 
1.122600  -0.020697  -0.090739 
1.126700  -0.019224  -0.085774 
1.130800  -0.017890  -0.081268 
1.134900  -0.016677  -0.077170 
1.139000  -0.015573  -0.073438 
1.143100  -0.014565  -0.070031 
1.147200  -0.013643  -0.066918 
1.151300  -0.012798  -0.064070 
1.155400  -0.012021  -0.061461 
1.159500  -0.011306  -0.059069 
1.163600  -0.010647  -0.056877 
1.167700  -0.010038  -0.054865 
1.171800  -0.009475  -0.053020 
1.175900  -0.008953  -0.051330 
1.180000  -0.008469  -0.049781 
1.184100  -0.008019  -0.048365 
1.188200  -0.007600  -0.047073 
1.192300  -0.007209  -0.045897 
1.196400  -0.006845  -0.044831 
1.200500  -0.006505  -0.043869 
1.204600  -0.006186  -0.043008 
1.208700  -0.005888  -0.042242 
1.212800  -0.005609  -0.041571 
1.216900  -0.005347  -0.040991 
1.221000  -0.005100  -0.040502 
1.225100  -0.004868  -0.040104 
1.229200  -0.004650  -0.039798 
1.233300  -0.004445  -0.039586 
1.237400  -0.004251  -0.039471 
1.241500  -0.004068  -0.039457 
1.245600  -0.003895  -0.039552 
1.249700  -0.003732  -0.039764 
1.253800  -0.003577  -0.040104 
1.257900  -0.003431  -0.040586 
1.262000  -0.003292  -0.041228 
1.266100  -0.003161  -0.042054 
1.270200  -0.003036  -0.043095 
1.274300  -0.002918  -0.044390 
1.278400  -0.002805  -0.045994 
1.282500  -0.002698  -0.047978 
1.286600  -0.002597  -0.050443 
1.290700  -0.002500  -0.053530 
1.294800  -0.002407  -0.057450 
1.298900  -0.002319  -0.062519 
1.303000  -0.002236  -0.069250 
1.307100  -0.002156  -0.078517 
1.311200  -0.002079  -0.091949 
1.315300  -0.002006  -0.112965 
1.319400  -0.001937  -0.150162 
1.323500  -0.001870  -0.233101 
1.327600  -0.001806  -0.575794 
1.331700  -0.001745  0.992426 
1.335800  -0.001687  0.253127 
1.339900  -0.001631  0.140849 
1.344000  -0.001578  0.095574 
1.348100  -0.001526  0.071182 
1.352200  -0.001477  0.055978 
1.356300  -0.001430  0.045623 
1.360400  -0.001385  0.038139 
1.364500  -0.001341  0.032491 
1.368600  -0.001299  0.028090 
1.372700  -0.001259  0.024572 
1.376800  -0.001221  0.021703 
1.380900  -0.001183  0.019324 
1.385000  -0.001148  0.017324 
1.389100  -0.001113  0.015623 
1.393200  -0.001080  0.014161 
1.397300  -0.001049  0.012893 
1.401400  -0.001018  0.011786 
1.405500  -0.000988  0.010813 
1.409600  -0.000960  0.009952 
1.413700  -0.000932  0.009186 
1.417800  -0.000906  0.008501 
1.421900  -0.000880  0.007887 
1.426000  -0.000856  0.007333 
1.430100  -0.000832  0.006832 
1.434200  -0.000809  0.006378 
1.438300  -0.000787  0.005964 
1.442400  -0.000766  0.005586 
1.446500  -0.000745  0.005241 
1.450600  -0.000725  0.004923 
1.454700  -0.000706  0.004632 
1.458800  -0.000687  0.004363 
1.462900  -0.000669  0.004115 
1.467000  -0.000651  0.003885 
1.471100  -0.000635  0.003672 
1.475200  -0.000618  0.003474 
1.479300  -0.000602  0.003291 
1.483400  -0.000587  0.003120 
1.487500  -0.000572  0.002960 
1.491600  -0.000558  0.002811 
1.495700  -0.000544  0.002672 
1.499800  -0.000530  0.002541 
1.503900  -0.000517  0.002419 
1.508000  -0.000505  0.002304 
1.512100  -0.000492  0.002196 
1.516200  -0.000480  0.002095 
1.520300  -0.000469  0.002000 
1.524400  -0.000457  0.001910 
1.528500  -0.000447  0.001825 
1.532600  -0.000436  0.001745 
1.536700  -0.000426  0.001670 
1.540800  -0.000416  0.001598 
1.544900  -0.000406  0.001531 
1.549000  -0.000397  0.001467 
1.553100  -0.000388  0.001406 
1.557200  -0.000379  0.001349 
1.561300  -0.000370  0.001294 
1.565400  -0.000362  0.001243 
1.569500  -0.000353  0.001193 
1.573600  -0.000346  0.001147 
1.577700  -0.000338  0.001102 
1.581800  -0.000330  0.001060 
1.585900  -0.000323  0.001020 
1.590000  -0.000316  0.000981 
1.594100  -0.000309  0.000945 
1.598200  -0.000302  0.000910 
1.602300  -0.000296  0.000877 
1.606400  -0.000289  0.000845 
1.610500  -0.000283  0.000815 
1.614600  -0.000277  0.000786 
1.618700  -0.000271  0.000758 
1.622800  -0.000266  0.000731 
1.626900  -0.000260  0.000706 
1.631000  -0.000254  0.000682 
1.635100  -0.000249  0.000659 
1.639200  -0.000244  0.000636 
1.643300  -0.000239  0.000615 
1.647400  -0.000234  0.000595 
1.651500  -0.000229  0.000575 
1.655600  -0.000225  0.000556 
1.659700  -0.000220  0.000538 
1.663800  -0.000216  0.000521 
1.667900  -0.000211  0.000504 
1.672000  -0.000207  0.000488 
1.676100  -0.000203  0.000473 
1.680200  -0.000199  0.000458 
1.684300  -0.000195  0.000444 
1.688400  -0.000191  0.000430 
1.692500  -0.000187  0.000417 
1.696600  -0.000184  0.000404 
1.700700  -0.000180  0.000392 
1.704800  -0.000177  0.000380 
1.708900  -0.000173  0.000369 
1.713000  -0.000170  0.000358 
1.717100  -0.000167  0.000347 
1.721200  -0.000164  0.000337 
1.725300  -0.000161  0.000328 
1.729400  -0.000158  0.000318 
1.733500  -0.000155  0.000309 
1.737600  -0.000152  0.000300 
1.741700  -0.000149  0.000292 
1.745800  -0.000146  0.000284 
1.749900  -0.000143  0.000276 
1.754000  -0.000141  0.000268 
1.758100  -0.000138  0.000261 
1.762200  -0.000136  0.000253 
1.766300  -0.000133  0.000247 
1.770400  -0.000131  0.000240 
1.774500  -0.000128  0.000233 
1.778600  -0.000126  0.000227 
1.782700  -0.000124  0.000221 
1.786800  -0.000122  0.000215 
1.790900  -0.000120  0.000210 
1.795000  -0.000117  0.000204 
1.799100  -0.000115  0.000199 
1.803200  -0.000113  0.000194 
1.807300  -0.000111  0.000189 
1.811400  -0.000109  0.000184 
1.815500  -0.000108  0.000179 
1.819600  -0.000106  0.000175 
1.823700  -0.000104  0.000170 
1.827800  -0.000102  0.000166 
1.831900  -0.000100  0.000162 
1.836000  -0.000099  0.000158 
1.840100  -0.000097  0.000154 
1.844200  -0.000095  0.000150 
1.848300  -0.000094  0.000147 
1.852400  -0.000092  0.000143 
1.856500  -0.000091  0.000140 
1.860600  -0.000089  0.000136 
1.864700  -0.000088  0.000133 
1.868800  -0.000086  0.000130 
1.872900  -0.000085  0.000127 
1.877000  -0.000083  0.000124 
1.881100  -0.000082  0.000121 
1.885200  -0.000081  0.000118 
1.889300  -0.000079  0.000115 
1.893400  -0.000078  0.000113 
1.897500  -0.000077  0.000110 
1.901600  -0.000076  0.000108 
1.905700  -0.000074  0.000105 
1.909800  -0.000073  0.000103 
1.913900  -0.000072  0.000101 
1.918000  -0.000071  0.000098 
1.922100  -0.000070  0.000096 
1.926200  -0.000069  0.000094 
1.930300  -0.000068  0.000092 
1.934400  -0.000066  0.000090 
1.938500  -0.000065  0.000088 
1.942600  -0.000064  0.000086 
1.946700  -0.000063  0.000084 
1.950800  -0.000062  0.000082 
1.954900  -0.000061  0.000081 
1.959000  -0.000061  0.000079 
1.963100  -0.000060  0.000077 
1.967200  -0.000059  0.000075 
1.971300  -0.000058  0.000074 
1.975400  -0.000057  0.000072 
1.979500  -0.000056  0.000071 
1.983600  -0.000055  0.000069 
1.987700  -0.000054  0.000068 
1.991800  -0.000054  0.000067 
1.995900  -0.000053  0.000065 
2.000000  -0.000052  0.000064 
