-2.100000  0.000036  0.000102 
-2.095900  0.000037  0.000104 
-2.091800  0.000038  0.000105 
-2.087700  0.000038  0.000106 
-2.083600  0.000039  0.000107 
-2.079500  0.000039  0.000109 
-2.075400  0.000040  0.000110 
-2.071300  0.000040  0.000112 
-2.067200  0.000041  0.000113 
-2.063100  0.000041  0.000115 
-2.059000  0.000042  0.000116 
-2.054900  0.000043  0.000118 
-2.050800  0.000043  0.000119 
-2.046700  0.000044  0.000121 
-2.042600  0.000045  0.000122 
-2.038500  0.000045  0.000124 
-2.034400  0.000046  0.000125 
-2.030300  0.000047  0.000127 
-2.026200  0.000047  0.000129 
-2.022100  0.000048  0.000131 
-2.018000  0.000049  0.000132 
-2.013900  0.000049  0.000134 
-2.009800  0.000050  0.000136 
-2.005700  0.000051  0.000138 
-2.001600  0.000052  0.000140 
-1.997500  0.000052  0.000141 
-1.993400  0.000053  0.000143 
-1.989300  0.000054  0.000145 
-1.985200  0.000055  0.000147 
-1.981100  0.000056  0.000149 
-1.977000  0.000057  0.000151 
-1.972900  0.000057  0.000154 
-1.968800  0.000058  0.000156 
-1.964700  0.000059  0.000158 
-1.960600  0.000060  0.000160 
-1.956500  0.000061  0.000162 
-1.952400  0.000062  0.000165 
-1.948300  0.000063  0.000167 
-1.944200  0.000064  0.000169 
-1.940100  0.000065  0.000172 
-1.936000  0.000066  0.000174 
-1.931900  0.000067  0.000177 
-1.927800  0.000068  0.000179 
-1.923700  0.000069  0.000182 
-1.919600  0.000070  0.000185 
-1.915500  0.000072  0.000187 
-1.911400  0.000073  0.000190 
-1.907300  0.000074  0.000193 
-1.903200  0.000075  0.000196 
-1.899100  0.000076  0.000199 
-1.895000  0.000078  0.000202 
-1.890900  0.000079  0.000205 
-1.886800  0.000080  0.000208 
-1.882700  0.000081  0.000211 
-1.878600  0.000083  0.000214 
-1.874500  0.000084  0.000217 
-1.870400  0.000086  0.000221 
-1.866300  0.000087  0.000224 
-1.862200  0.000089  0.000227 
-1.858100  0.000090  0.000231 
-1.854000  0.000092  0.000235 
-1.849900  0.000093  0.000238 
-1.845800  0.000095  0.000242 
-1.841700  0.000096  0.000246 
-1.837600  0.000098  0.000250 
-1.833500  0.000100  0.000254 
-1.829400  0.000101  0.000258 
-1.825300  0.000103  0.000262 
-1.821200  0.000105  0.000266 
-1.817100  0.000107  0.000270 
-1.813000  0.000109  0.000274 
-1.808900  0.000111  0.000279 
-1.804800  0.000113  0.000283 
-1.800700  0.000115  0.000288 
-1.796600  0.000117  0.000293 
-1.792500  0.000119  0.000298 
-1.788400  0.000121  0.000303 
-1.784300  0.000123  0.000308 
-1.780200  0.000125  0.000313 
-1.776100  0.000128  0.000318 
-1.772000  0.000130  0.000323 
-1.767900  0.000132  0.000329 
-1.763800  0.000135  0.000334 
-1.759700  0.000137  0.000340 
-1.755600  0.000140  0.000346 
-1.751500  0.000142  0.000352 
-1.747400  0.000145  0.000358 
-1.743300  0.000148  0.000364 
-1.739200  0.000151  0.000371 
-1.735100  0.000153  0.000377 
-1.731000  0.000156  0.000384 
-1.726900  0.000159  0.000391 
-1.722800  0.000162  0.000398 
-1.718700  0.000166  0.000405 
-1.714600  0.000169  0.000412 
-1.710500  0.000172  0.000419 
-1.706400  0.000175  0.000427 
-1.702300  0.000179  0.000435 
-1.698200  0.000182  0.000443 
-1.694100  0.000186  0.000451 
-1.690000  0.000190  0.000459 
-1.685900  0.000194  0.000468 
-1.681800  0.000197  0.000476 
-1.677700  0.000201  0.000485 
-1.673600  0.000205  0.000495 
-1.669500  0.000210  0.000504 
-1.665400  0.000214  0.000514 
-1.661300  0.000218  0.000523 
-1.657200  0.000223  0.000533 
-1.653100  0.000227  0.000544 
-1.649000  0.000232  0.000554 
-1.644900  0.000237  0.000565 
-1.640800  0.000242  0.000576 
-1.636700  0.000247  0.000588 
-1.632600  0.000252  0.000599 
-1.628500  0.000258  0.000611 
-1.624400  0.000263  0.000623 
-1.620300  0.000269  0.000636 
-1.616200  0.000275  0.000649 
-1.612100  0.000281  0.000662 
-1.608000  0.000287  0.000676 
-1.603900  0.000293  0.000690 
-1.599800  0.000300  0.000704 
-1.595700  0.000306  0.000718 
-1.591600  0.000313  0.000734 
-1.587500  0.000320  0.000749 
-1.583400  0.000327  0.000765 
-1.579300  0.000335  0.000781 
-1.575200  0.000342  0.000798 
-1.571100  0.000350  0.000815 
-1.567000  0.000358  0.000833 
-1.562900  0.000367  0.000851 
-1.558800  0.000375  0.000869 
-1.554700  0.000384  0.000889 
-1.550600  0.000393  0.000908 
-1.546500  0.000402  0.000929 
-1.542400  0.000412  0.000950 
-1.538300  0.000422  0.000971 
-1.534200  0.000432  0.000993 
-1.530100  0.000442  0.001016 
-1.526000  0.000453  0.001039 
-1.521900  0.000464  0.001063 
-1.517800  0.000476  0.001088 
-1.513700  0.000488  0.001114 
-1.509600  0.000500  0.001140 
-1.505500  0.000512  0.001167 
-1.501400  0.000525  0.001195 
-1.497300  0.000539  0.001224 
-1.493200  0.000552  0.001253 
-1.489100  0.000566  0.001284 
-1.485000  0.000581  0.001315 
-1.480900  0.000596  0.001348 
-1.476800  0.000612  0.001382 
-1.472700  0.000628  0.001416 
-1.468600  0.000645  0.001452 
-1.464500  0.000662  0.001489 
-1.460400  0.000680  0.001527 
-1.456300  0.000698  0.001567 
-1.452200  0.000717  0.001607 
-1.448100  0.000737  0.001649 
-1.444000  0.000757  0.001693 
-1.439900  0.000779  0.001738 
-1.435800  0.000800  0.001785 
-1.431700  0.000823  0.001833 
-1.427600  0.000846  0.001883 
-1.423500  0.000871  0.001934 
-1.419400  0.000896  0.001988 
-1.415300  0.000922  0.002043 
-1.411200  0.000949  0.002100 
-1.407100  0.000977  0.002160 
-1.403000  0.001006  0.002221 
-1.398900  0.001036  0.002285 
-1.394800  0.001068  0.002351 
-1.390700  0.001100  0.002420 
-1.386600  0.001134  0.002492 
-1.382500  0.001169  0.002566 
-1.378400  0.001206  0.002643 
-1.374300  0.001244  0.002723 
-1.370200  0.001283  0.002806 
-1.366100  0.001325  0.002892 
-1.362000  0.001367  0.002982 
-1.357900  0.001412  0.003076 
-1.353800  0.001458  0.003174 
-1.349700  0.001507  0.003275 
-1.345600  0.001557  0.003381 
-1.341500  0.001610  0.003491 
-1.337400  0.001665  0.003606 
-1.333300  0.001722  0.003726 
-1.329200  0.001782  0.003851 
-1.325100  0.001845  0.003982 
-1.321000  0.001910  0.004118 
-1.316900  0.001979  0.004261 
-1.312800  0.002050  0.004410 
-1.308700  0.002125  0.004566 
-1.304600  0.002204  0.004730 
-1.300500  0.002286  0.004901 
-1.296400  0.002373  0.005080 
-1.292300  0.002463  0.005268 
-1.288200  0.002558  0.005465 
-1.284100  0.002658  0.005672 
-1.280000  0.002763  0.005889 
-1.275900  0.002873  0.006118 
-1.271800  0.002989  0.006358 
-1.267700  0.003112  0.006610 
-1.263600  0.003240  0.006876 
-1.259500  0.003376  0.007157 
-1.255400  0.003519  0.007452 
-1.251300  0.003671  0.007764 
-1.247200  0.003830  0.008094 
-1.243100  0.003999  0.008442 
-1.239000  0.004178  0.008810 
-1.234900  0.004368  0.009199 
-1.230800  0.004569  0.009612 
-1.226700  0.004782  0.010050 
-1.222600  0.005008  0.010514 
-1.218500  0.005249  0.011008 
-1.214400  0.005504  0.011533 
-1.210300  0.005777  0.012091 
-1.206200  0.006068  0.012687 
-1.202100  0.006378  0.013322 
-1.198000  0.006710  0.014000 
-1.193900  0.007064  0.014725 
-1.189800  0.007444  0.015501 
-1.185700  0.007852  0.016333 
-1.181600  0.008289  0.017226 
-1.177500  0.008760  0.018186 
-1.173400  0.009267  0.019219 
-1.169300  0.009813  0.020333 
-1.165200  0.010404  0.021535 
-1.161100  0.011043  0.022835 
-1.157000  0.011735  0.024243 
-1.152900  0.012487  0.025771 
-1.148800  0.013304  0.027433 
-1.144700  0.014196  0.029242 
-1.140600  0.015169  0.031218 
-1.136500  0.016234  0.033379 
-1.132400  0.017403  0.035749 
-1.128300  0.018688  0.038353 
-1.124200  0.020105  0.041222 
-1.120100  0.021671  0.044392 
-1.116000  0.023407  0.047904 
-1.111900  0.025336  0.051807 
-1.107800  0.027488  0.056157 
-1.103700  0.029897  0.061023 
-1.099600  0.032601  0.066484 
-1.095500  0.035649  0.072637 
-1.091400  0.039099  0.079597 
-1.087300  0.043020  0.087503 
-1.083200  0.047496  0.096525 
-1.079100  0.052631  0.106870 
-1.075000  0.058552  0.118792 
-1.070900  0.065416  0.132608 
-1.066800  0.073420  0.148709 
-1.062700  0.082809  0.167588 
-1.058600  0.093892  0.189865 
-1.054500  0.107063  0.216325 
-1.050400  0.122820  0.247963 
-1.046300  0.141795  0.286047 
-1.042200  0.164791  0.332177 
-1.038100  0.192811  0.388359 
-1.034000  0.227083  0.457041 
-1.029900  0.269038  0.541072 
-1.025800  0.320182  0.643448 
-1.021700  0.381749  0.766609 
-1.017600  0.453947  0.910925 
-1.013500  0.534620  1.072034 
-1.009400  0.617496  1.237333 
-1.005300  0.691094  1.383818 
-1.001200  0.740541  1.481739 
-0.997100  0.753636  1.506764 
-0.993000  0.727828  1.454709 
-0.988900  0.671629  1.341354 
-0.984800  0.599072  1.195638 
-0.980700  0.522891  1.042917 
-0.976600  0.451255  0.899465 
-0.972500  0.387954  0.772808 
-0.968400  0.333908  0.664743 
-0.964300  0.288572  0.574144 
-0.960200  0.250824  0.498749 
-0.956100  0.219436  0.436083 
-0.952000  0.193273  0.383876 
-0.947900  0.171370  0.340185 
-0.943800  0.152930  0.303417 
-0.939700  0.137310  0.272283 
-0.935600  0.123994  0.245753 
-0.931500  0.112572  0.223004 
-0.927400  0.102714  0.203376 
-0.923300  0.094155  0.186342 
-0.919200  0.086683  0.171477 
-0.915100  0.080125  0.158434 
-0.911000  0.074341  0.146934 
-0.906900  0.069215  0.136747 
-0.902800  0.064653  0.127682 
-0.898700  0.060574  0.119583 
-0.894600  0.056915  0.112318 
-0.890500  0.053619  0.105777 
-0.886400  0.050641  0.099869 
-0.882300  0.047940  0.094514 
-0.878200  0.045485  0.089646 
-0.874100  0.043245  0.085209 
-0.870000  0.041197  0.081152 
-0.865900  0.039319  0.077435 
-0.861800  0.037593  0.074020 
-0.857700  0.036003  0.070877 
-0.853600  0.034536  0.067976 
-0.849500  0.033178  0.065295 
-0.845400  0.031921  0.062811 
-0.841300  0.030753  0.060507 
-0.837200  0.029666  0.058365 
-0.833100  0.028655  0.056372 
-0.829000  0.027711  0.054513 
-0.824900  0.026829  0.052778 
-0.820800  0.026004  0.051156 
-0.816700  0.025231  0.049638 
-0.812600  0.024506  0.048215 
-0.808500  0.023825  0.046881 
-0.804400  0.023185  0.045628 
-0.800300  0.022582  0.044450 
-0.796200  0.022015  0.043343 
-0.792100  0.021480  0.042300 
-0.788000  0.020975  0.041317 
-0.783900  0.020498  0.040391 
-0.779800  0.020047  0.039517 
-0.775700  0.019621  0.038692 
-0.771600  0.019218  0.037914 
-0.767500  0.018836  0.037178 
-0.763400  0.018474  0.036483 
-0.759300  0.018131  0.035826 
-0.755200  0.017805  0.035206 
-0.751100  0.017497  0.034619 
-0.747000  0.017204  0.034064 
-0.742900  0.016926  0.033540 
-0.738800  0.016661  0.033044 
-0.734700  0.016410  0.032577 
-0.730600  0.016172  0.032135 
-0.726500  0.015946  0.031718 
-0.722400  0.015730  0.031326 
-0.718300  0.015526  0.030957 
-0.714200  0.015332  0.030611 
-0.710100  0.015147  0.030298 
-0.706000  0.014972  0.029957 
-0.701900  0.014806  0.029678 
-0.697800  0.014648  0.029411 
-0.693700  0.014498  0.029162 
-0.689600  0.014357  0.028930 
-0.685500  0.014222  0.028716 
-0.681400  0.014095  0.028519 
-0.677300  0.013974  0.028338 
-0.673200  0.013861  0.028173 
-0.669100  0.013753  0.028025 
-0.665000  0.013652  0.027893 
-0.660900  0.013557  0.027777 
-0.656800  0.013467  0.027677 
-0.652700  0.013384  0.027593 
-0.648600  0.013305  0.027526 
-0.644500  0.013232  0.027474 
-0.640400  0.013164  0.027439 
-0.636300  0.013101  0.027422 
-0.632200  0.013042  0.027421 
-0.628100  0.012989  0.027439 
-0.624000  0.012940  0.027475 
-0.619900  0.012895  0.027531 
-0.615800  0.012855  0.027607 
-0.611700  0.012819  0.027705 
-0.607600  0.012788  0.027826 
-0.603500  0.012760  0.027972 
-0.599400  0.012737  0.028145 
-0.595300  0.012718  0.028347 
-0.591200  0.012703  0.028582 
-0.587100  0.012691  0.028852 
-0.583000  0.012684  0.029161 
-0.578900  0.012680  0.029516 
-0.574800  0.012681  0.029921 
-0.570700  0.012685  0.030386 
-0.566600  0.012693  0.030919 
-0.562500  0.012704  0.031534 
-0.558400  0.012720  0.032245 
-0.554300  0.012739  0.033074 
-0.550200  0.012762  0.034048 
-0.546100  0.012788  0.035206 
-0.542000  0.012819  0.036601 
-0.537900  0.012853  0.038309 
-0.533800  0.012891  0.040447 
-0.529700  0.012933  0.043194 
-0.525600  0.012978  0.046854 
-0.521500  0.013028  0.051972 
-0.517400  0.013081  0.059638 
-0.513300  0.013138  0.072403 
-0.509200  0.013200  0.097940 
-0.505100  0.013265  0.174916 
-0.501000  0.013334  -15.998486 
-0.496900  0.013408  -0.128207 
-0.492800  0.013486  -0.053365 
-0.488700  0.013568  -0.028192 
-0.484600  0.013654  -0.015520 
-0.480500  0.013745  -0.007857 
-0.476400  0.013840  -0.002700 
-0.472300  0.013941  0.001028 
-0.468200  0.014045  0.003864 
-0.464100  0.014155  0.006109 
-0.460000  0.014269  0.007941 
-0.455900  0.014389  0.009476 
-0.451800  0.014514  0.010790 
-0.447700  0.014644  0.011936 
-0.443600  0.014780  0.012952 
-0.439500  0.014921  0.013866 
-0.435400  0.015068  0.014699 
-0.431300  0.015221  0.015468 
-0.427200  0.015381  0.016183 
-0.423100  0.015546  0.016857 
-0.419000  0.015718  0.017497 
-0.414900  0.015897  0.018109 
-0.410800  0.016083  0.018699 
-0.406700  0.016276  0.019271 
-0.402600  0.016477  0.019830 
-0.398500  0.016685  0.020380 
-0.394400  0.016902  0.020922 
-0.390300  0.017127  0.021459 
-0.386200  0.017360  0.021994 
-0.382100  0.017602  0.022530 
-0.378000  0.017854  0.023067 
-0.373900  0.018115  0.023607 
-0.369800  0.018387  0.024153 
-0.365700  0.018669  0.024706 
-0.361600  0.018962  0.025266 
-0.357500  0.019266  0.025837 
-0.353400  0.019582  0.026418 
-0.349300  0.019911  0.027012 
-0.345200  0.020253  0.027619 
-0.341100  0.020608  0.028242 
-0.337000  0.020977  0.028880 
-0.332900  0.021362  0.029537 
-0.328800  0.021762  0.030213 
-0.324700  0.022178  0.030909 
-0.320600  0.022611  0.031628 
-0.316500  0.023063  0.032370 
-0.312400  0.023533  0.033138 
-0.308300  0.024023  0.033932 
-0.304200  0.024534  0.034755 
-0.300100  0.025068  0.035608 
-0.296000  0.025624  0.036494 
-0.291900  0.026205  0.037415 
-0.287800  0.026812  0.038372 
-0.283700  0.027446  0.039368 
-0.279600  0.028109  0.040405 
-0.275500  0.028802  0.041487 
-0.271400  0.029528  0.042615 
-0.267300  0.030288  0.043794 
-0.263200  0.031085  0.045025 
-0.259100  0.031920  0.046314 
-0.255000  0.032797  0.047662 
-0.250900  0.033717  0.049075 
-0.246800  0.034684  0.050557 
-0.242700  0.035700  0.052113 
-0.238600  0.036770  0.053746 
-0.234500  0.037896  0.055465 
-0.230400  0.039083  0.057273 
-0.226300  0.040335  0.059178 
-0.222200  0.041657  0.061186 
-0.218100  0.043053  0.063307 
-0.214000  0.044531  0.065547 
-0.209900  0.046094  0.067917 
-0.205800  0.047752  0.070427 
-0.201700  0.049510  0.073087 
-0.197600  0.051378  0.075911 
-0.193500  0.053364  0.078911 
-0.189400  0.055478  0.082104 
-0.185300  0.057731  0.085506 
-0.181200  0.060137  0.089135 
-0.177100  0.062708  0.093011 
-0.173000  0.065459  0.097159 
-0.168900  0.068409  0.101604 
-0.164800  0.071576  0.106374 
-0.160700  0.074981  0.111502 
-0.156600  0.078650  0.117025 
-0.152500  0.082609  0.122983 
-0.148400  0.086889  0.129423 
-0.144300  0.091526  0.136399 
-0.140200  0.096559  0.143970 
-0.136100  0.102036  0.152205 
-0.132000  0.108008  0.161184 
-0.127900  0.114536  0.170998 
-0.123800  0.121690  0.181751 
-0.119700  0.129552  0.193567 
-0.115600  0.138216  0.206586 
-0.111500  0.147793  0.220976 
-0.107400  0.158413  0.236932 
-0.103300  0.170230  0.254684 
-0.099200  0.183426  0.274507 
-0.095100  0.198219  0.296727 
-0.091000  0.214870  0.321735 
-0.086900  0.233693  0.350003 
-0.082800  0.255070  0.382104 
-0.078700  0.279467  0.418737 
-0.074600  0.307454  0.460758 
-0.070500  0.339737  0.509226 
-0.066400  0.377192  0.565456 
-0.062300  0.420913  0.631088 
-0.058200  0.472273  0.708182 
-0.054100  0.533002  0.799334 
-0.050000  0.605281  0.907813 
-0.045900  0.691853  1.037736 
-0.041800  0.796146  1.194243 
-0.037700  0.922360  1.383634 
-0.033600  1.075458  1.613354 
-0.029500  1.260882  1.891562 
-0.025400  1.483658  2.225798 
-0.021300  1.746341  2.619890 
-0.017200  2.045052  3.068017 
-0.013100  2.363387  3.545571 
-0.009000  2.666227  3.999871 
-0.004900  2.900019  4.350586 
-0.000800  3.008205  4.512876 
0.003300  2.959776  4.440228 
0.007400  2.769003  4.154047 
0.011500  2.486034  3.729559 
0.015600  2.168419  3.253088 
0.019700  1.859177  2.789168 
0.023800  1.581436  2.372491 
0.027900  1.343147  2.014988 
0.032000  1.143671  1.715702 
0.036100  0.978612  1.468040 
0.040200  0.842534  1.263852 
0.044300  0.730231  1.095328 
0.048400  0.637192  0.955704 
0.052500  0.559697  0.839399 
0.056600  0.494749  0.741918 
0.060700  0.439961  0.659680 
0.064800  0.393439  0.589846 
0.068900  0.353683  0.530164 
0.073000  0.319497  0.478840 
0.077100  0.289926  0.434441 
0.081200  0.264203  0.395818 
0.085300  0.241708  0.362039 
0.089400  0.221938  0.332349 
0.093500  0.204480  0.306130 
0.097600  0.188996  0.282873 
0.101700  0.175204  0.262157 
0.105800  0.162872  0.243632 
0.109900  0.151805  0.227005 
0.114000  0.141838  0.212029 
0.118100  0.132832  0.198496 
0.122200  0.124669  0.186229 
0.126300  0.117249  0.175076 
0.130400  0.110486  0.164909 
0.134500  0.104304  0.155616 
0.138600  0.098641  0.147100 
0.142700  0.093440  0.139279 
0.146800  0.088654  0.132079 
0.150900  0.084239  0.125436 
0.155000  0.080159  0.119296 
0.159100  0.076380  0.113608 
0.163200  0.072875  0.108331 
0.167300  0.069618  0.103425 
0.171400  0.066586  0.098857 
0.175500  0.063759  0.094596 
0.179600  0.061120  0.090617 
0.183700  0.058651  0.086894 
0.187800  0.056340  0.083406 
0.191900  0.054173  0.080134 
0.196000  0.052138  0.077060 
0.200100  0.050226  0.074169 
0.204200  0.048426  0.071446 
0.208300  0.046730  0.068879 
0.212400  0.045130  0.066456 
0.216500  0.043620  0.064166 
0.220600  0.042193  0.062000 
0.224700  0.040842  0.059949 
0.228800  0.039564  0.058004 
0.232900  0.038352  0.056159 
0.237000  0.037202  0.054407 
0.241100  0.036111  0.052741 
0.245200  0.035074  0.051155 
0.249300  0.034088  0.049645 
0.253400  0.033150  0.048206 
0.257500  0.032257  0.046833 
0.261600  0.031406  0.045521 
0.265700  0.030595  0.044268 
0.269800  0.029821  0.043069 
0.273900  0.029082  0.041921 
0.278000  0.028376  0.040822 
0.282100  0.027701  0.039768 
0.286200  0.027056  0.038756 
0.290300  0.026439  0.037784 
0.294400  0.025848  0.036849 
0.298500  0.025282  0.035950 
0.302600  0.024740  0.035084 
0.306700  0.024220  0.034250 
0.310800  0.023722  0.033444 
0.314900  0.023244  0.032667 
0.319000  0.022785  0.031915 
0.323100  0.022345  0.031187 
0.327200  0.021922  0.030482 
0.331300  0.021516  0.029799 
0.335400  0.021125  0.029135 
0.339500  0.020750  0.028489 
0.343600  0.020390  0.027860 
0.347700  0.020043  0.027247 
0.351800  0.019709  0.026648 
0.355900  0.019388  0.026062 
0.360000  0.019079  0.025488 
0.364100  0.018782  0.024923 
0.368200  0.018495  0.024368 
0.372300  0.018220  0.023820 
0.376400  0.017955  0.023277 
0.380500  0.017699  0.022739 
0.384600  0.017453  0.022203 
0.388700  0.017217  0.021668 
0.392800  0.016988  0.021132 
0.396900  0.016769  0.020592 
0.401000  0.016557  0.020046 
0.405100  0.016354  0.019491 
0.409200  0.016158  0.018924 
0.413300  0.015969  0.018341 
0.417400  0.015787  0.017738 
0.421500  0.015613  0.017110 
0.425600  0.015445  0.016451 
0.429700  0.015283  0.015753 
0.433800  0.015127  0.015006 
0.437900  0.014978  0.014200 
0.442000  0.014834  0.013320 
0.446100  0.014696  0.012346 
0.450200  0.014564  0.011255 
0.454300  0.014437  0.010012 
0.458400  0.014316  0.008571 
0.462500  0.014199  0.006865 
0.466600  0.014087  0.004799 
0.470700  0.013981  0.002221 
0.474800  0.013879  -0.001112 
0.478900  0.013782  -0.005623 
0.483000  0.013689  -0.012122 
0.487100  0.013601  -0.022368 
0.491200  0.013517  -0.041056 
0.495300  0.013438  -0.086294 
0.499400  0.013363  -0.357403 
0.503500  0.013292  0.274461 
0.507600  0.013225  0.116544 
0.511700  0.013162  0.080037 
0.515800  0.013103  0.063779 
0.519900  0.013048  0.054569 
0.524000  0.012997  0.048635 
0.528100  0.012950  0.044491 
0.532200  0.012907  0.041433 
0.536300  0.012867  0.039084 
0.540400  0.012832  0.037225 
0.544500  0.012800  0.035719 
0.548600  0.012772  0.034476 
0.552700  0.012747  0.033435 
0.556800  0.012727  0.032553 
0.560900  0.012710  0.031798 
0.565000  0.012697  0.031149 
0.569100  0.012687  0.030585 
0.573200  0.012682  0.030095 
0.577300  0.012680  0.029668 
0.581400  0.012682  0.029294 
0.585500  0.012688  0.028967 
0.589600  0.012698  0.028682 
0.593700  0.012711  0.028435 
0.597800  0.012729  0.028220 
0.601900  0.012751  0.028036 
0.606000  0.012776  0.027880 
0.610100  0.012806  0.027749 
0.614200  0.012840  0.027643 
0.618300  0.012879  0.027558 
0.622400  0.012922  0.027494 
0.626500  0.012969  0.027451 
0.630600  0.013021  0.027426 
0.634700  0.013077  0.027419 
0.638800  0.013138  0.027430 
0.642900  0.013205  0.027459 
0.647000  0.013276  0.027504 
0.651100  0.013352  0.027565 
0.655200  0.013434  0.027643 
0.659300  0.013521  0.027736 
0.663400  0.013614  0.027846 
0.667500  0.013713  0.027972 
0.671600  0.013818  0.028114 
0.675700  0.013929  0.028272 
0.679800  0.014047  0.028446 
0.683900  0.014172  0.028637 
0.688000  0.014303  0.028845 
0.692100  0.014442  0.029070 
0.696200  0.014589  0.029312 
0.700300  0.014743  0.029572 
0.704400  0.014906  0.029848 
0.708500  0.015078  0.031207 
0.712600  0.015259  0.030483 
0.716700  0.015449  0.030819 
0.720800  0.015649  0.031179 
0.724900  0.015860  0.031562 
0.729000  0.016082  0.031970 
0.733100  0.016316  0.032401 
0.737200  0.016562  0.032859 
0.741300  0.016821  0.033343 
0.745400  0.017093  0.033856 
0.749500  0.017381  0.034399 
0.753600  0.017683  0.034973 
0.757700  0.018002  0.035580 
0.761800  0.018338  0.036223 
0.765900  0.018692  0.036902 
0.770000  0.019066  0.037622 
0.774100  0.019461  0.038383 
0.778200  0.019878  0.039190 
0.782300  0.020319  0.040044 
0.786400  0.020786  0.040949 
0.790500  0.021279  0.041909 
0.794600  0.021802  0.042928 
0.798700  0.022357  0.044010 
0.802800  0.022945  0.045160 
0.806900  0.023570  0.046383 
0.811000  0.024235  0.047685 
0.815100  0.024942  0.049072 
0.819200  0.025696  0.050552 
0.823300  0.026500  0.052132 
0.827400  0.027359  0.053822 
0.831500  0.028279  0.055631 
0.835600  0.029263  0.057570 
0.839700  0.030319  0.059653 
0.843800  0.031455  0.061892 
0.847900  0.032676  0.064303 
0.852000  0.033994  0.066905 
0.856100  0.035417  0.069717 
0.860200  0.036957  0.072763 
0.864300  0.038628  0.076068 
0.868400  0.040445  0.079664 
0.872500  0.042424  0.083583 
0.876600  0.044586  0.087866 
0.880700  0.046955  0.092560 
0.884800  0.049556  0.097717 
0.888900  0.052421  0.103401 
0.893000  0.055588  0.109685 
0.897100  0.059100  0.116655 
0.901200  0.063007  0.124414 
0.905300  0.067372  0.133085 
0.909400  0.072268  0.142814 
0.913500  0.077783  0.153777 
0.917600  0.084024  0.166187 
0.921700  0.091120  0.180304 
0.925800  0.099232  0.196446 
0.929900  0.108555  0.215004 
0.934000  0.119331  0.236465 
0.938100  0.131864  0.261432 
0.942200  0.146530  0.290659 
0.946300  0.163801  0.325090 
0.950400  0.184267  0.365908 
0.954500  0.208661  0.414580 
0.958600  0.237884  0.472911 
0.962700  0.273007  0.543051 
0.966800  0.315235  0.627422 
0.970900  0.365771  0.728445 
0.975000  0.425463  0.847848 
0.979100  0.494103  0.985252 
0.983200  0.569213  1.135754 
0.987300  0.644474  1.286777 
0.991400  0.708779  1.416172 
0.995500  0.747934  1.492411 
0.999600  0.750384  1.500576 
1.003700  0.714081  1.429444 
1.007800  0.648112  1.298318 
1.011900  0.567217  1.137080 
1.016000  0.484656  0.972274 
1.020100  0.408708  0.820510 
1.024200  0.342923  0.688949 
1.028300  0.287824  0.578683 
1.032400  0.242458  0.487841 
1.036500  0.205367  0.413525 
1.040600  0.175065  0.352781 
1.044700  0.150240  0.302991 
1.048800  0.129802  0.261978 
1.052900  0.112873  0.227992 
1.057000  0.098759  0.199643 
1.061100  0.086913  0.175838 
1.065200  0.076904  0.155715 
1.069300  0.068392  0.138595 
1.073400  0.061109  0.123939 
1.077500  0.054840  0.111319 
1.081600  0.049415  0.100392 
1.085700  0.044696  0.090880 
1.089800  0.040569  0.082561 
1.093900  0.036944  0.075250 
1.098000  0.033747  0.068797 
1.102100  0.030914  0.063078 
1.106200  0.028396  0.057991 
1.110300  0.026148  0.053448 
1.114400  0.024135  0.049378 
1.118500  0.022327  0.045720 
1.122600  0.020697  0.042421 
1.126700  0.019224  0.039439 
1.130800  0.017890  0.036735 
1.134900  0.016677  0.034278 
1.139000  0.015573  0.032038 
1.143100  0.014565  0.029993 
1.147200  0.013643  0.028120 
1.151300  0.012798  0.026403 
1.155400  0.012021  0.024824 
1.159500  0.011306  0.023371 
1.163600  0.010647  0.022030 
1.167700  0.010038  0.020791 
1.171800  0.009475  0.019644 
1.175900  0.008953  0.018580 
1.180000  0.008469  0.017593 
1.184100  0.008019  0.016674 
1.188200  0.007600  0.015819 
1.192300  0.007209  0.015022 
1.196400  0.006845  0.014277 
1.200500  0.006505  0.013581 
1.204600  0.006186  0.012930 
1.208700  0.005888  0.012319 
1.212800  0.005609  0.011747 
1.216900  0.005347  0.011209 
1.221000  0.005100  0.010703 
1.225100  0.004868  0.010228 
1.229200  0.004650  0.009780 
1.233300  0.004445  0.009358 
1.237400  0.004251  0.008959 
1.241500  0.004068  0.008583 
1.245600  0.003895  0.008227 
1.249700  0.003732  0.007891 
1.253800  0.003577  0.007572 
1.257900  0.003431  0.007270 
1.262000  0.003292  0.006984 
1.266100  0.003161  0.006713 
1.270200  0.003036  0.006455 
1.274300  0.002918  0.006210 
1.278400  0.002805  0.005977 
1.282500  0.002698  0.005755 
1.286600  0.002597  0.005545 
1.290700  0.002500  0.005344 
1.294800  0.002407  0.005152 
1.298900  0.002319  0.004970 
1.303000  0.002236  0.004795 
1.307100  0.002156  0.004629 
1.311200  0.002079  0.004470 
1.315300  0.002006  0.004318 
1.319400  0.001937  0.004173 
1.323500  0.001870  0.004034 
1.327600  0.001806  0.003901 
1.331700  0.001745  0.003774 
1.335800  0.001687  0.003652 
1.339900  0.001631  0.003535 
1.344000  0.001578  0.003423 
1.348100  0.001526  0.003316 
1.352200  0.001477  0.003213 
1.356300  0.001430  0.003114 
1.360400  0.001385  0.003019 
1.364500  0.001341  0.002927 
1.368600  0.001299  0.002839 
1.372700  0.001259  0.002755 
1.376800  0.001221  0.002674 
1.380900  0.001183  0.002595 
1.385000  0.001148  0.002520 
1.389100  0.001113  0.002448 
1.393200  0.001080  0.002378 
1.397300  0.001049  0.002311 
1.401400  0.001018  0.002246 
1.405500  0.000988  0.002183 
1.409600  0.000960  0.002123 
1.413700  0.000932  0.002065 
1.417800  0.000906  0.002009 
1.421900  0.000880  0.001955 
1.426000  0.000856  0.001902 
1.430100  0.000832  0.001852 
1.434200  0.000809  0.001803 
1.438300  0.000787  0.001756 
1.442400  0.000766  0.001710 
1.446500  0.000745  0.001666 
1.450600  0.000725  0.001624 
1.454700  0.000706  0.001582 
1.458800  0.000687  0.001542 
1.462900  0.000669  0.001504 
1.467000  0.000651  0.001466 
1.471100  0.000635  0.001430 
1.475200  0.000618  0.001395 
1.479300  0.000602  0.001361 
1.483400  0.000587  0.001328 
1.487500  0.000572  0.001296 
1.491600  0.000558  0.001265 
1.495700  0.000544  0.001235 
1.499800  0.000530  0.001206 
1.503900  0.000517  0.001178 
1.508000  0.000505  0.001150 
1.512100  0.000492  0.001124 
1.516200  0.000480  0.001098 
1.520300  0.000469  0.001073 
1.524400  0.000457  0.001048 
1.528500  0.000447  0.001025 
1.532600  0.000436  0.001002 
1.536700  0.000426  0.000980 
1.540800  0.000416  0.000958 
1.544900  0.000406  0.000937 
1.549000  0.000397  0.000916 
1.553100  0.000388  0.000896 
1.557200  0.000379  0.000877 
1.561300  0.000370  0.000858 
1.565400  0.000362  0.000840 
1.569500  0.000353  0.000822 
1.573600  0.000346  0.000804 
1.577700  0.000338  0.000788 
1.581800  0.000330  0.000771 
1.585900  0.000323  0.000755 
1.590000  0.000316  0.000739 
1.594100  0.000309  0.000724 
1.598200  0.000302  0.000709 
1.602300  0.000296  0.000695 
1.606400  0.000289  0.000681 
1.610500  0.000283  0.000667 
1.614600  0.000277  0.000654 
1.618700  0.000271  0.000641 
1.622800  0.000266  0.000628 
1.626900  0.000260  0.000616 
1.631000  0.000254  0.000604 
1.635100  0.000249  0.000592 
1.639200  0.000244  0.000581 
1.643300  0.000239  0.000569 
1.647400  0.000234  0.000558 
1.651500  0.000229  0.000548 
1.655600  0.000225  0.000537 
1.659700  0.000220  0.000527 
1.663800  0.000216  0.000517 
1.667900  0.000211  0.000508 
1.672000  0.000207  0.000498 
1.676100  0.000203  0.000489 
1.680200  0.000199  0.000480 
1.684300  0.000195  0.000471 
1.688400  0.000191  0.000463 
1.692500  0.000187  0.000454 
1.696600  0.000184  0.000446 
1.700700  0.000180  0.000438 
1.704800  0.000177  0.000430 
1.708900  0.000173  0.000422 
1.713000  0.000170  0.000415 
1.717100  0.000167  0.000408 
1.721200  0.000164  0.000400 
1.725300  0.000161  0.000393 
1.729400  0.000158  0.000386 
1.733500  0.000155  0.000380 
1.737600  0.000152  0.000373 
1.741700  0.000149  0.000367 
1.745800  0.000146  0.000361 
1.749900  0.000143  0.000354 
1.754000  0.000141  0.000348 
1.758100  0.000138  0.000342 
1.762200  0.000136  0.000337 
1.766300  0.000133  0.000331 
1.770400  0.000131  0.000326 
1.774500  0.000128  0.000320 
1.778600  0.000126  0.000315 
1.782700  0.000124  0.000310 
1.786800  0.000122  0.000305 
1.790900  0.000120  0.000300 
1.795000  0.000117  0.000295 
1.799100  0.000115  0.000290 
1.803200  0.000113  0.000285 
1.807300  0.000111  0.000281 
1.811400  0.000109  0.000276 
1.815500  0.000108  0.000272 
1.819600  0.000106  0.000268 
1.823700  0.000104  0.000263 
1.827800  0.000102  0.000259 
1.831900  0.000100  0.000255 
1.836000  0.000099  0.000251 
1.840100  0.000097  0.000247 
1.844200  0.000095  0.000243 
1.848300  0.000094  0.000240 
1.852400  0.000092  0.000236 
1.856500  0.000091  0.000232 
1.860600  0.000089  0.000229 
1.864700  0.000088  0.000225 
1.868800  0.000086  0.000222 
1.872900  0.000085  0.000219 
1.877000  0.000083  0.000215 
1.881100  0.000082  0.000212 
1.885200  0.000081  0.000209 
1.889300  0.000079  0.000206 
1.893400  0.000078  0.000203 
1.897500  0.000077  0.000200 
1.901600  0.000076  0.000197 
1.905700  0.000074  0.000194 
1.909800  0.000073  0.000191 
1.913900  0.000072  0.000188 
1.918000  0.000071  0.000186 
1.922100  0.000070  0.000183 
1.926200  0.000069  0.000180 
1.930300  0.000068  0.000178 
1.934400  0.000066  0.000175 
1.938500  0.000065  0.000173 
1.942600  0.000064  0.000170 
1.946700  0.000063  0.000168 
1.950800  0.000062  0.000166 
1.954900  0.000061  0.000163 
1.959000  0.000061  0.000161 
1.963100  0.000060  0.000159 
1.967200  0.000059  0.000157 
1.971300  0.000058  0.000154 
1.975400  0.000057  0.000152 
1.979500  0.000056  0.000150 
1.983600  0.000055  0.000148 
1.987700  0.000054  0.000146 
1.991800  0.000054  0.000144 
1.995900  0.000053  0.000142 
2.000000  0.000052  0.000140 
