
   0.   3.7416333   5.6577152
   0.   3.7528035   5.6600495
   0.   3.7638441   5.6623158
   0.   3.7747439   5.6645108
   0.   3.7854918   5.6666312
   0.   3.7960762   5.6686736
   0.   3.806485    5.6706344
   0.   3.8167063   5.6725101
   0.   3.8267274   5.6742968
   0.   3.8365358   5.6759908
   0.   3.8461185   5.6775881
   0.   3.8554624   5.6790846
   0.   3.8645541   5.6804761
   0.   3.8733801   5.6817583
   0.   3.8819268   5.6829267
   0.   3.8901802   5.6839769
   0.   3.8981264   5.6849041
   0.   3.9057514   5.6857036
   0.   3.9130411   5.6863704
   0.   3.9199815   5.6868995
   0.   3.9265582   5.6872856
   0.   3.9327574   5.6875235
   0.   3.9385649   5.6876078
   0.   3.9439669   5.6875327
   0.   3.9489496   5.6872928
   0.   3.9534993   5.686882 
   0.   3.9576026   5.6862944
   0.   3.9612465   5.685524 
   0.   3.9644181   5.6845645
   0.   3.9671047   5.6834094
   0.   3.9692944   5.6820523
   0.   3.9709752   5.6804866
   0.   3.9721358   5.6787055
   0.   3.9727655   5.6767021
   0.   3.9728538   5.6744693
   0.   3.972391    5.6720001
   0.   3.9713678   5.6692871
   0.   3.9697756   5.6663231
   0.   3.9676064   5.6631004
   0.   3.9648529   5.6596114
   0.   3.9615084   5.6558485
   0.   3.9575671   5.6518038
   0.   3.9530236   5.6474694
   0.   3.9478734   5.6428373
   0.   3.9421129   5.6378993
   0.   3.935739    5.6326474
   0.   3.9287494   5.6270731
   0.   3.9211426   5.6211683
   0.   3.9129178   5.6149245
   0.   3.904075    5.6083333
   0.   3.8946148   5.6013862
   0.   3.8845386   5.5940746
   0.   3.8738483   5.5863902
   0.   3.8625467   5.5783243
   0.   3.850637    5.5698684
   0.   3.8381232   5.5610139
   0.   3.8250097   5.5517524
   0.   3.8113014   5.5420753
   0.   3.7970039   5.5319742
   0.   3.7821231   5.5214408
   0.   3.7666655   5.5104668
   0.   3.7506378   5.4990438
   0.   3.7340474   5.487164 
   0.   3.7169018   5.4748191
   0.   3.699209    5.4620015
   0.   3.6809775   5.4487033
   0.   3.6622159   5.434917 
   0.   3.6429334   5.4206353
   0.   3.6231396   5.405851 
   0.   3.6028444   5.3905571
   0.   3.5820583   5.3747469
   0.   3.5607922   5.3584139
   0.   3.5390578   5.3415519
   0.   3.5168671   5.3241549
   0.   3.494233    5.3062172
   0.   3.4711692   5.2877335
   0.   3.44769     5.2686988
   0.   3.4238107   5.2491084
   0.   3.3995478   5.2289578
   0.   3.3749184   5.2082432
   0.   3.3499409   5.186961 
   0.   3.3246347   5.1651079
   0.   3.2990204   5.1426811
   0.   3.2731198   5.1196782
   0.   3.2469554   5.0960973
   0.   3.2205511   5.0719369
   0.   3.1939316   5.0471957
   0.   3.1671224   5.0218733
   0.   3.1401498   4.9959693
   0.   3.1130406   4.9694841
   0.   3.0858217   4.9424183
   0.   3.0585203   4.9147732
   0.   3.0311631   4.8865504
   0.   3.0037764   4.8577521
   0.   2.9763854   4.8283806
   0.   2.9490142   4.7984391
   0.   2.9216851   4.767931 
   0.   2.8944181   4.7368602
   0.   2.8672308   4.705231 
   0.   2.8401379   4.673048 
   0.   2.8131503   4.6403163
   0.   2.7862755   4.6070414
   0.   2.7595163   4.5732292
   0.   2.7328711   4.5388857
   0.   2.7063334   4.5040174
   0.   2.6798912   4.4686311
   0.   2.6535274   4.4327337
   0.   2.6272191   4.3963324
   0.   2.600938    4.3594346
   0.   2.5746502   4.3220481
   0.   2.5483167   4.2841804
   0.   2.5218934   4.2458394
   0.   2.4953322   4.2070332
   0.   2.468581    4.1677696
   0.   2.4415849   4.1280568
   0.   2.4142875   4.0879029
   0.   2.3866316   4.047316 
   0.   2.3585608   4.0063043
   0.   2.3300211   3.9648759
   0.   2.3009624   3.9230391
   0.   2.2713405   3.8808021
   0.   2.2411184   3.8381735
   0.   2.2102688   3.7951617
   0.   2.178775    3.7517755
   0.   2.1466332   3.7080242
   0.   2.1138536   3.6639171
   0.   2.0804614   3.6194645
   0.   2.0464982   3.5746771
   0.   2.0120216   3.5295665
   0.   1.9771063   3.4841455
   0.   1.9418428   3.4384279
   0.   1.9063376   3.3924292
   0.   1.8707112   3.3461666
   0.   1.8350973   3.2996591
   0.   1.7996405   3.2529281
   0.   1.7644951   3.2059975
   0.   1.7298221   3.158894 
   0.   1.695788    3.1116475
   0.   1.6625622   3.0642911
   0.   1.6303155   3.0168617
   0.   1.5992184   2.9694   
   0.   1.5694398   2.9219508
   0.   1.541146    2.8745631
   0.   1.5145003   2.8272904
   0.   1.4896627   2.7801906
   0.   1.4667904   2.733326 
   0.   1.446038    2.6867635
   0.   1.427559    2.640574 
   0.   1.4115069   2.5948328
   0.   1.3980366   2.5496188
   0.   1.3873067   2.5050146
   0.   1.3794813   2.4611055
   0.   1.3747318   2.4179796
   0.   1.3732394   2.3757265
   0.   1.3751963   2.3344373
   0.   1.3808072   2.2942032
   0.   1.3902898   2.2551147
   0.   1.403874    2.2172609
   0.   1.4217985   2.1807279
   0.   1.4443057   2.1455976
   0.   1.4716315   2.1119459
   0.   1.5039889   2.0798414
   0.   1.5415447   2.0493424
   0.   1.5843835   2.020495 
   0.   1.632459    1.9933297
   0.   1.6855274   1.9678574
   0.   1.7430613   1.9440656
   0.   1.8041456   1.9219126
   0.   1.8673608   1.9013216
   0.   1.9306702   1.8821742
   0.   1.9913414   1.8643022
   0.   2.0459442   1.8474804
   0.   2.090483    1.8314191
   0.   2.1207069   1.8157576
   0.   2.1326111   1.800062 
   0.   2.123069    1.7838264
   0.   2.090454    1.7664826
   0.   2.035062    1.7474192
   0.   1.9591747   1.7260122
   0.   1.8667176   1.7016679
   0.   1.7626158   1.6738776
   0.   1.6520462   1.642276 
   0.   1.5397887   1.6066995
   0.   1.4297992   1.5672304
   0.   1.3250298   1.5242189
   0.   1.2274466   1.4782752
   0.   1.1381692   1.4302298
   0.   1.0576598   1.381068 
   0.   0.985913    1.3318492
   0.   0.9226197   1.2836255
   0.   0.8672955   1.2373717
   0.   0.8193737   1.1939352
   0.   0.7782696   1.154009 
   0.   0.743422    1.1181269
   0.   0.7143179   1.0866744
   0.   0.690507    1.0599107
   0.   0.6716082   1.0379965
   0.   0.6573122   1.0210204
   0.   0.6473815   1.0090247
   0.   0.6416497   1.002025 
   0.   0.6400203   1.000025 
   0.   0.6424658   1.003025 
   0.   0.6490274   1.0110244
   0.   0.6598156   1.024018 
   0.   0.6750109   1.0419863
   0.   0.6948651   1.0648795
   0.   0.7197018   1.0925964
   0.   0.7499164   1.1249593
   0.   0.7859725   1.1616855
   0.   0.828394    1.2023615
   0.   0.8777494   1.2464221
   0.   0.9346237   1.2931423
   0.   0.9995729   1.3416463
   0.   1.0730552   1.3909392
   0.   1.1553302   1.4399613
   0.   1.2463239   1.4876613
   0.   1.3454584   1.5330788
   0.   1.4514592   1.5754227
   0.   1.5621714   1.6141327
   0.   1.6744382   1.6489124
   0.   1.7841171   1.6797314
   0.   1.8863065   1.7067979
   0.   1.9758224   1.7305104
   0.   2.04788     1.7513996
   0.   2.098838    1.770069 
   0.   2.1267971   1.7871432
   0.   2.1318639   1.8032271
   0.   2.1160079   1.8188777
   0.   2.0825842   1.8345868
   0.   2.0356947   1.8507737
   0.   1.9795734   1.8677845
   0.   1.9181216   1.8858955
   0.   1.8546353   1.9053199
   0.   1.7917047   1.9262152
   0.   1.7312347   1.9486911
   0.   1.6745348   1.9728167
   0.   1.6224332   1.9986273
   0.   1.5753929   2.0261307
   0.   1.5336121   2.0553113
   0.   1.497106    2.0861355
   0.   1.4657701   2.1185545
   0.   1.4394262   2.1525077
   0.   1.4178547   2.1879248
   0.   1.4008177   2.2247287
   0.   1.3880727   2.2628364
   0.   1.3793824   2.3021612
   0.   1.3745193   2.3426137
   0.   1.3732683   2.384103 
   0.   1.3754271   2.4265378
   0.   1.3808059   2.4698275
   0.   1.3892257   2.5138826
   0.   1.4005165   2.5586155
   0.   1.4145158   2.6039414
   0.   1.4310656   2.6497785
   0.   1.4500115   2.6960485
   0.   1.4712002   2.742677 
   0.   1.494478    2.7895938
   0.   1.5196898   2.8367331
   0.   1.546678    2.8840332
   0.   1.575282    2.9314373
   0.   1.6053377   2.9788928
   0.   1.6366783   3.0263515
   0.   1.6691345   3.0737694
   0.   1.7025356   3.1211067
   0.   1.736711    3.1683271
   0.   1.7714916   3.2153983
   0.   1.806712    3.262291 
   0.   1.8422123   3.3089792
   0.   1.87784     3.3554394
   0.   1.9134524   3.4016507
   0.   1.9489185   3.4475944
   0.   1.9841203   3.4932539
   0.   2.0189546   3.5386139
   0.   2.053334    3.5836608
   0.   2.0871871   3.6283822
   0.   2.1204595   3.6727665
   0.   2.1531131   3.7168032
   0.   2.1851257   3.7604823
   0.   2.2164899   3.8037943
   0.   2.2472123   3.8467301
   0.   2.2773118   3.8892811
   0.   2.3068179   3.9314387
   0.   2.335769    3.9731945
   0.   2.3642108   4.0145402
   0.   2.3921942   4.0554676
   0.   2.4197739   4.0959686
   0.   2.4470064   4.1360349
   0.   2.473949    4.1756585
   0.   2.5006579   4.2148312
   0.   2.5271875   4.2535451
   0.   2.5535891   4.291792 
   0.   2.5799101   4.3295641
   0.   2.6061936   4.3668535
   0.   2.6324776   4.4036526
   0.   2.6587949   4.4399537
   0.   2.6851728   4.4757495
   0.   2.7116328   4.5110328
   0.   2.7381913   4.5457966
   0.   2.7648589   4.5800344
   0.   2.7916412   4.6137396
   0.   2.818539    4.6469063
   0.   2.8455483   4.6795286
   0.   2.8726611   4.7116013
   0.   2.8998656   4.7431192
   0.   2.9271466   4.7740778
   0.   2.9544858   4.8044729
   0.   2.9818628   4.8343006
   0.   3.0092549   4.8635577
   0.   3.0366377   4.8922411
   0.   3.0639859   4.9203485
   0.   3.091273    4.9478779
   0.   3.1184721   4.9748276
   0.   3.1455561   5.0011966
   0.   3.1724981   5.0269843
   0.   3.1992715   5.0521904
   0.   3.2258499   5.0768154
   0.   3.2522082   5.1008598
   0.   3.2783217   5.124325 
   0.   3.3041669   5.1472125
   0.   3.3297213   5.1695243
   0.   3.3549633   5.191263 
   0.   3.3798727   5.2124315
   0.   3.4044302   5.2330329
   0.   3.4286178   5.2530711
   0.   3.4524183   5.2725501
   0.   3.4758156   5.2914742
   0.   3.4987947   5.3098482
   0.   3.5213411   5.3276773
   0.   3.5434416   5.3449669
   0.   3.5650833   5.3617226
   0.   3.5862543   5.3779506
   0.   3.606943    5.393657 
   0.   3.6271388   5.4088484
   0.   3.6468311   5.4235316
   0.   3.6660102   5.4377137
   0.   3.6846665   5.4514017
   0.   3.7027909   5.4646032
   0.   3.7203749   5.4773257
   0.   3.7374101   5.4895769
   0.   3.7538886   5.5013647
   0.   3.7698029   5.5126972
   0.   3.7851457   5.5235825
   0.   3.7999103   5.5340288
   0.   3.8140904   5.5440444
   0.   3.8276801   5.5536376
   0.   3.8406741   5.5628171
   0.   3.8530674   5.5715912
   0.   3.8648558   5.5799684
   0.   3.8760354   5.5879573
   0.   3.886603    5.5955665
   0.   3.8965562   5.6028045
   0.   3.905893    5.6096797
   0.   3.9146122   5.6162008
   0.   3.9227134   5.6223761
   0.   3.9301966   5.6282141
   0.   3.9370629   5.6337233
   0.   3.943314    5.6389118
   0.   3.9489522   5.6437879
   0.   3.9539806   5.6483598
   0.   3.9584033   5.6526357
   0.   3.9622249   5.6566234
   0.   3.9654507   5.6603309
   0.   3.9680868   5.663766 
   0.   3.9701399   5.6669363
   0.   3.9716177   5.6698496
   0.   3.9725281   5.6725132
   0.   3.9728799   5.6749346
   0.   3.9726826   5.6771209
   0.   3.9719458   5.6790793
   0.   3.9706803   5.6808168
   0.   3.9688968   5.6823402
   0.   3.9666068   5.6836564
   0.   3.9638222   5.6847718
   0.   3.9605551   5.685693 
   0.   3.9568183   5.6864264
   0.   3.9526246   5.6869781
   0.   3.9479872   5.6873542
   0.   3.9429196   5.6875608
   0.   3.9374354   5.6876035
   0.   3.9315485   5.6874881
   0.   3.9252727   5.6872201
   0.   3.918622    5.6868049
   0.   3.9116107   5.6862479
   0.   3.9042528   5.6855542
   0.   3.8965624   5.6847287
   0.   3.8885536   5.6837765
   0.   3.8802405   5.6827023
   0.   3.8716369   5.6815108
   0.   3.8627566   5.6802064
   0.   3.8536134   5.6787935
   0.   3.8442207   5.6772766
   0.   3.8345918   5.6756596
   0.   3.8247398   5.6739468
   0.   3.8146776   5.672142 
   0.   3.8044179   5.670249 
   0.   3.793973    5.6682715
   0.   3.783355    5.6662133
   0.   3.7725758   5.6640777
   0.   3.7616469   5.6618682
   0.   3.7505795   5.659588 
