
   0.0001068
   0.0001245
   0.0001488
   0.0001835
   0.0002359
   0.0003210
   0.0004740
   0.0007939
   0.0016616
   0.0057805
   0.4446091
   0.0095574
   0.0021075
   0.0009248
   0.0005348
   0.0003614
   0.0002710
   0.0002193
   0.0001881
   0.0001691
   0.0001581
   0.0001526
   0.0001515
   0.0001540
   0.0001600
   0.0001695
   0.0001831
   0.0002015
   0.0002260
   0.0002587
   0.0003028
   0.0003637
   0.0004504
   0.0005791
   0.0007814
   0.0011261
   0.0017863
   0.0033093
   0.0082723
   0.0488689
   0.2492863
   0.0136882
   0.0043979
   0.0021511
   0.0012797
   0.0008540
   0.0006153
   0.0004686
   0.0003723
   0.0003060
   0.0002587
   0.0002241
   0.0001981
   0.0001784
   0.0001633
   0.0001518
   0.0001431
   0.0001365
   0.0001318
   0.0001288
   0.0001271
   0.0001267
   0.0001275
   0.0001295
   0.0001328
   0.0001374
   0.0001434
   0.0001510
   0.0001604
   0.0001721
   0.0001864
   0.0002041
   0.0002260
   0.0002533
   0.0002877
   0.0003320
   0.0003899
   0.0004676
   0.0005750
   0.0007294
   0.0009624
   0.0013386
   0.0020048
   0.0033602
   0.0068358
   0.0211394
   0.3840915
   0.0733401
   0.0122975
   0.0048543
   0.0025811
   0.0016007
   0.0010913
   0.0007936
   0.0006050
   0.0004781
   0.0003889
   0.0003239
   0.0002752
   0.0002378
   0.0002086
   0.0001854
   0.0001667
   0.0001516
   0.0001392
   0.0001290
   0.0001205
   0.0001136
   0.0001078
   0.0001031
   0.0000993
   0.0000963
   0.0000940
   0.0000923
   0.0000911
   0.0000906
   0.0000906
   0.0000910
   0.0000921
   0.0000936
   0.0000958
   0.0000985
   0.0001020
   0.0001061
   0.0001112
   0.0001172
   0.0001243
   0.0001328
   0.0001429
   0.0001550
   0.0001695
   0.0001872
   0.0002088
   0.0002356
   0.0002692
   0.0003123
   0.0003687
   0.0004442
   0.0005489
   0.0006997
   0.0009287
   0.0013013
   0.0019692
   0.0033564
   0.0070522
   0.0237850
   1.
   0.0483773
   0.0097369
   0.0040263
   0.0021809
   0.0013631
   0.0009314
   0.0006765
   0.0005139
   0.0004039
   0.0003262
   0.0002694
   0.0002266
   0.0001936
   0.0001677
   0.0001471
   0.0001303
   0.0001166
   0.0001052
   0.0000958
   0.0000878
   0.0000810
   0.0000752
   0.0000703
   0.0000661
   0.0000625
   0.0000594
   0.0000567
   0.0000545
   0.0000525
   0.0000509
   0.0000496
   0.0000485
   0.0000476
   0.0000470
   0.0000466
   0.0000464
   0.0000464
   0.0000465
   0.0000469
   0.0000476
   0.0000484
   0.0000495
   0.0000508
   0.0000524
   0.0000543
   0.0000567
   0.0000594
   0.0000626
   0.0000664
   0.0000709
   0.0000762
   0.0000825
   0.0000901
   0.0000994
   0.0001107
   0.0001249
   0.0001427
   0.0001658
   0.0001962
   0.0002377
   0.0002963
   0.0003832
   0.0005204
   0.0007569
   0.0012205
   0.0023428
   0.0064445
   0.0621020
   0.0457500
   0.0054000
   0.0019252
   0.0009629
   0.0005690
   0.0003715
   0.0002592
   0.0001896
   0.0001437
   0.0001119
   0.0000890
   0.0000721
   0.0000593
   0.0000493
   0.0000415
   0.0000352
   0.0000300
   0.0000258
   0.0000223
   0.0000193
   0.0000168
   0.0000146
   0.0000127
   0.0000111
   0.0000096
   0.0000084
   0.0000072
   0.0000062
   0.0000052
   0.0000044
   0.0000035
   0.0000028
   0.0000021
   0.0000014
   0.0000007
   0.
  -0.0000007
  -0.0000014
  -0.0000021
  -0.0000028
  -0.0000035
  -0.0000043
  -0.0000052
  -0.0000062
  -0.0000072
  -0.0000083
  -0.0000096
  -0.0000110
  -0.0000126
  -0.0000145
  -0.0000167
  -0.0000192
  -0.0000221
  -0.0000256
  -0.0000298
  -0.0000348
  -0.0000410
  -0.0000488
  -0.0000586
  -0.0000711
  -0.0000877
  -0.0001100
  -0.0001409
  -0.0001854
  -0.0002526
  -0.0003602
  -0.0005479
  -0.0009171
  -0.0017990
  -0.0048314
  -0.0337275
  -0.0945397
  -0.0072973
  -0.0025201
  -0.0012851
  -0.0007876
  -0.0005375
  -0.0003938
  -0.0003033
  -0.0002426
  -0.0001998
  -0.0001685
  -0.0001448
  -0.0001265
  -0.0001121
  -0.0001005
  -0.0000911
  -0.0000833
  -0.0000768
  -0.0000714
  -0.0000669
  -0.0000630
  -0.0000598
  -0.0000570
  -0.0000546
  -0.0000527
  -0.0000510
  -0.0000497
  -0.0000486
  -0.0000477
  -0.0000471
  -0.0000467
  -0.0000465
  -0.0000465
  -0.0000467
  -0.0000471
  -0.0000477
  -0.0000485
  -0.0000496
  -0.0000509
  -0.0000525
  -0.0000544
  -0.0000567
  -0.0000593
  -0.0000624
  -0.0000660
  -0.0000701
  -0.0000750
  -0.0000807
  -0.0000874
  -0.0000953
  -0.0001047
  -0.0001160
  -0.0001295
  -0.0001461
  -0.0001665
  -0.0001920
  -0.0002244
  -0.0002665
  -0.0003223
  -0.0003984
  -0.0005058
  -0.0006641
  -0.0009111
  -0.0013269
  -0.0021073
  -0.0038419
  -0.0090528
  -0.0412481
  -2.5660581
  -0.0268210
  -0.0075214
  -0.0035076
  -0.0020363
  -0.0013369
  -0.0009499
  -0.0007134
  -0.0005583
  -0.0004510
  -0.0003737
  -0.0003162
  -0.0002722
  -0.0002380
  -0.0002107
  -0.0001888
  -0.0001709
  -0.0001561
  -0.0001439
  -0.0001336
  -0.0001250
  -0.0001178
  -0.0001117
  -0.0001066
  -0.0001024
  -0.0000989
  -0.0000961
  -0.0000939
  -0.0000923
  -0.0000913
  -0.0000908
  -0.0000908
  -0.0000913
  -0.0000924
  -0.0000941
  -0.0000964
  -0.0000994
  -0.0001032
  -0.0001078
  -0.0001135
  -0.0001205
  -0.0001288
  -0.0001390
  -0.0001513
  -0.0001663
  -0.0001849
  -0.0002079
  -0.0002369
  -0.0002739
  -0.0003222
  -0.0003865
  -0.0004747
  -0.0005999
  -0.0007857
  -0.0010781
  -0.0015766
  -0.0025306
  -0.0047221
  -0.0117617
  -0.0657946
  -0.5061989
  -0.0224929
  -0.0070812
  -0.0034444
  -0.0020434
  -0.0013596
  -0.0009752
  -0.0007377
  -0.0005808
  -0.0004718
  -0.0003931
  -0.0003344
  -0.0002897
  -0.0002548
  -0.0002272
  -0.0002052
  -0.0001873
  -0.0001729
  -0.0001611
  -0.0001515
  -0.0001439
  -0.0001378
  -0.0001332
  -0.0001299
  -0.0001278
  -0.0001269
  -0.0001273
  -0.0001290
  -0.0001320
  -0.0001367
  -0.0001432
  -0.0001519
  -0.0001634
  -0.0001784
  -0.0001981
  -0.0002239
  -0.0002585
  -0.0003056
  -0.0003716
  -0.0004675
  -0.0006134
  -0.0008506
  -0.0012728
  -0.0021351
  -0.0043487
  -0.0134065
  -0.2276999
  -0.0510050
  -0.0084218
  -0.0033476
  -0.0018017
  -0.0011339
  -0.0007859
  -0.0005819
  -0.0004524
  -0.0003651
  -0.0003039
  -0.0002595
  -0.0002266
  -0.0002020
  -0.0001835
  -0.0001699
  -0.0001603
  -0.0001542
  -0.0001517
  -0.0001528
  -0.0001583
  -0.0001693
  -0.0001883
  -0.0002194
  -0.0002712
  -0.0003615
  -0.0005347
  -0.0009242
  -0.0021044
  -0.0095193
  -0.4593568
  -0.0058043
  -0.0016656
  -0.0007953
  -0.0004746
  -0.0003214
  -0.0002361
  -0.0001836
  -0.0001489
  -0.0001246

[0m--> [0m[1m[4he[4l [4hx[4l [4hi[4l [4ht[4l [2m[4h
[4l [0m